        2      211     0.139570
        3      111     0.134980
        4     -211     0.139570
        5      321     0.493680
        6     -321     0.493680
        7      311     0.497650
        8     -311     0.497650
        9      221     0.547750
       10      213     0.775800
       11      113     0.775800
       12     -213     0.775800
       13      223     0.782590
       14      323     0.891660
       15     -323     0.891660
       16      313     0.896100
       17     -313     0.896100
       18     2212     0.938270
       19    -2212     0.938270
       20     2112     0.939570
       21    -2112     0.939570
       22      331     0.957780
       23  9010221     0.974100
       24  9000211     0.984700
       25  9000111     0.984700
       26 -9000211     0.984700
       27      333     1.019460
       28     3122     1.115680
       29    -3122     1.115680
       30    10223     1.170000
       31     3222     1.189370
       32    -3222     1.189370
       33     3212     1.192640
       34    -3212     1.192640
       35     3112     1.197450
       36    -3112     1.197450
       37    10213     1.229500
       38    10113     1.229500
       39   -10213     1.229500
       40    20213     1.230000
       41    20113     1.230000
       42   -20213     1.230000
       43     2224     1.232000
       44    -2224     1.232000
       45     2214     1.232000
       46    -2214     1.232000
       47     2114     1.232000
       48    -2114     1.232000
       49     1114     1.232000
       50    -1114     1.232000
       51    10323     1.273000
       52   -10323     1.273000
       53    10313     1.273000
       54   -10313     1.273000
       55      225     1.275400
       56    20223     1.281800
       57   100221     1.294000
       58   100211     1.300000
       59   100111     1.300000
       60  -100211     1.300000
       61     3322     1.314830
       62    -3322     1.314830
       63     3312     1.321310
       64    -3312     1.321310
       65      215     1.318300
       66      115     1.318300
       67     -215     1.318300
       68  9000213     1.376000
       69  9000113     1.376000
       70 -9000213     1.376000
       71     3224     1.382800
       72    -3224     1.382800
       73     3214     1.383700
       74    -3214     1.383700
       75     3114     1.387200
       76    -3114     1.387200
       77    10221     1.400000
       78    20323     1.402000
       79   -20323     1.402000
       80    20313     1.402000
       81   -20313     1.402000
       82    13122     1.406500
       83   -13122     1.406500
       84   100323     1.414000
       85  -100323     1.414000
       86   100313     1.414000
       87  -100313     1.414000
       88  9020221     1.410300
       89    10321     1.412000
       90   -10321     1.412000
       91    10311     1.412000
       92   -10311     1.412000
       93   100223     1.419000
       94    20333     1.426300
       95      325     1.425600
       96     -325     1.425600
       97      315     1.432400
       98     -315     1.432400
       99    12212     1.440000
      100   -12212     1.440000
      101    12112     1.440000
      102   -12112     1.440000
      103   100213     1.465000
      104   100113     1.465000
      105  -100213     1.465000
      106    10211     1.474000
      107    10111     1.474000
      108   -10211     1.474000
      109   100331     1.476000
      110  9030221     1.507000
      111     3124     1.519500
      112    -3124     1.519500
      113     2124     1.520000
      114    -2124     1.520000
      115     1214     1.520000
      116    -1214     1.520000
      117      335     1.525000
      118     3324     1.531800
      119    -3324     1.531800
      120     3314     1.535000
      121    -3314     1.535000
      122    22212     1.535000
      123   -22212     1.535000
      124    22112     1.535000
      125   -22112     1.535000
      126    32224     1.600000
      127   -32224     1.600000
      128    32214     1.600000
      129   -32214     1.600000
      130    32114     1.600000
      131   -32114     1.600000
      132    31114     1.600000
      133   -31114     1.600000
      134    23122     1.600000
      135   -23122     1.600000
      136    10225     1.617000
      137     2222     1.630000
      138    -2222     1.630000
      139     2122     1.630000
      140    -2122     1.630000
      141     1212     1.630000
      142    -1212     1.630000
      143     1112     1.630000
      144    -1112     1.630000
      145  9010213     1.653000
      146  9010113     1.653000
      147 -9010213     1.653000
      148    32212     1.655000
      149   -32212     1.655000
      150    32112     1.655000
      151   -32112     1.655000
      152    13222     1.660000
      153   -13222     1.660000
      154    13212     1.660000
      155   -13212     1.660000
      156    13112     1.660000
      157   -13112     1.660000
      158    30223     1.670000
      159      227     1.667000
      160    33122     1.670000
      161   -33122     1.670000
      162    13224     1.670000
      163   -13224     1.670000
      164    13214     1.670000
      165   -13214     1.670000
      166    13114     1.670000
      167   -13114     1.670000
      168    10215     1.672400
      169    10115     1.672400
      170   -10215     1.672400
      171     3334     1.672430
      172    -3334     1.672430
      173     2216     1.675000
      174    -2216     1.675000
      175     2116     1.675000
      176    -2116     1.675000
      177   100333     1.680000
      178    12216     1.685000
      179   -12216     1.685000
      180    12116     1.685000
      181   -12116     1.685000
      182      217     1.688800
      183      117     1.688800
      184     -217     1.688800
      185    13124     1.690000
      186   -13124     1.690000
      187    13322     1.690000
      188   -13322     1.690000
      189    13312     1.690000
      190   -13312     1.690000
      191    22124     1.700000
      192   -22124     1.700000
      193    21214     1.700000
      194   -21214     1.700000
      195    12224     1.700000
      196   -12224     1.700000
      197    12214     1.700000
      198   -12214     1.700000
      199    12114     1.700000
      200   -12114     1.700000
      201    11114     1.700000
      202   -11114     1.700000
      203    42212     1.710000
      204   -42212     1.710000
      205    42112     1.710000
      206   -42112     1.710000
      207    10331     1.715000
      208    30323     1.717000
      209   -30323     1.717000
      210    30313     1.717000
      211   -30313     1.717000
      212    30213     1.720000
      213    30113     1.720000
      214   -30213     1.720000
      215    32124     1.720000
      216   -32124     1.720000
      217    31214     1.720000
      218   -31214     1.720000
      219    23222     1.750000
      220   -23222     1.750000
      221    23212     1.750000
      222   -23212     1.750000
      223    23112     1.750000
      224   -23112     1.750000
      225    10325     1.773000
      226   -10325     1.773000
      227    10315     1.773000
      228   -10315     1.773000
      229     3226     1.775000
      230    -3226     1.775000
      231     3216     1.775000
      232    -3216     1.775000
      233     3116     1.775000
      234    -3116     1.775000
      235      327     1.776000
      236     -327     1.776000
      237      317     1.776000
      238     -317     1.776000
      239    43122     1.800000
      240   -43122     1.800000
      241    53122     1.810000
      242   -53122     1.810000
      243  9010211     1.812000
      244  9010111     1.812000
      245 -9010211     1.812000
      246    20325     1.816000
      247   -20325     1.816000
      248    20315     1.816000
      249   -20315     1.816000
      250     3126     1.820000
      251    -3126     1.820000
      252    13324     1.823000
      253   -13324     1.823000
      254    13314     1.823000
      255   -13314     1.823000
      256    13126     1.830000
      257   -13126     1.830000
      258      337     1.854000
      259    23124     1.890000
      260   -23124     1.890000
      261     2226     1.890000
      262    -2226     1.890000
      263     2126     1.890000
      264    -2126     1.890000
      265     1216     1.890000
      266    -1216     1.890000
      267     1116     1.890000
      268    -1116     1.890000
      269    22222     1.910000
      270   -22222     1.910000
      271    22122     1.910000
      272   -22122     1.910000
      273    21212     1.910000
      274   -21212     1.910000
      275    21112     1.910000
      276   -21112     1.910000
      277    13226     1.915000
      278   -13226     1.915000
      279    13216     1.915000
      280   -13216     1.915000
      281    13116     1.915000
      282   -13116     1.915000
      283    22224     1.920000
      284   -22224     1.920000
      285    22214     1.920000
      286   -22214     1.920000
      287    22114     1.920000
      288   -22114     1.920000
      289    21114     1.920000
      290   -21114     1.920000
      291     2228     1.930000
      292    -2228     1.930000
      293     2218     1.930000
      294    -2218     1.930000
      295     2118     1.930000
      296    -2118     1.930000
      297     1118     1.930000
      298    -1118     1.930000
      299    23224     1.940000
      300   -23224     1.940000
      301    23214     1.940000
      302   -23214     1.940000
      303    23114     1.940000
      304   -23114     1.940000
      305  9050225     1.945000
      306    23324     1.950000
      307   -23324     1.950000
      308    23314     1.950000
      309   -23314     1.950000
      310    12226     1.960000
      311   -12226     1.960000
      312    12126     1.960000
      313   -12126     1.960000
      314    11216     1.960000
      315   -11216     1.960000
      316    11116     1.960000
      317   -11116     1.960000
      318  9060225     2.011000
      319    13334     2.252000
      320   -13334     2.252000