    0.80000E+00   -0.13000E+02    0.00000E+00    0.31418E-09    0.19733E-10
    0.80000E+00   -0.12000E+02    0.00000E+00    0.31418E-09    0.19733E-10
    0.80000E+00   -0.11000E+02    0.00000E+00    0.31418E-09    0.19733E-10
    0.80000E+00   -0.10000E+02    0.00000E+00    0.31418E-09    0.19733E-10
    0.80000E+00   -0.90000E+01    0.00000E+00    0.31418E-09    0.19733E-10
    0.80000E+00   -0.80000E+01    0.00000E+00    0.31418E-09    0.19733E-10
    0.80000E+00   -0.70000E+01    0.00000E+00    0.31418E-09    0.19733E-10
    0.80000E+00   -0.60000E+01    0.00000E+00    0.31418E-09    0.19733E-10
    0.80000E+00   -0.50000E+01    0.00000E+00    0.31418E-09    0.19733E-10
    0.80000E+00   -0.40000E+01    0.00000E+00    0.31418E-09    0.19733E-10
    0.80000E+00   -0.30000E+01    0.00000E+00    0.31418E-09    0.19733E-10
    0.80000E+00   -0.20000E+01    0.00000E+00    0.31418E-09    0.19733E-10
    0.80000E+00   -0.10000E+01    0.00000E+00    0.31418E-09    0.19733E-10
    0.80000E+00    0.00000E+00    0.00000E+00    0.31418E-09    0.19733E-10
    0.80000E+00    0.10000E+01    0.00000E+00    0.10136E-05    0.63659E-07
    0.80000E+00    0.20000E+01    0.00000E+00    0.76557E-03    0.48084E-04
    0.80000E+00    0.30000E+01    0.00000E+00    0.12238E-01    0.76862E-03
    0.80000E+00    0.40000E+01    0.00000E+00    0.23559E-01    0.21765E-02
    0.80000E+00    0.50000E+01    0.00000E+00    0.30142E-01    0.34972E-02
    0.80000E+00    0.60000E+01    0.00000E+00    0.62399E-01    0.20747E-01
    0.80000E+00    0.70000E+01    0.00000E+00    0.83253E-01    0.51575E-01
    0.80000E+00    0.80000E+01    0.00000E+00    0.77365E-01    0.40335E-01
    0.80000E+00    0.90000E+01    0.00000E+00    0.53602E-01    0.13626E-01
    0.80000E+00    0.10000E+02    0.00000E+00    0.32656E-01    0.41537E-02
    0.80000E+00    0.11000E+02    0.00000E+00    0.89378E-02    0.56136E-03
    0.80000E+00    0.12000E+02    0.00000E+00    0.77397E-03    0.48612E-04
    0.80000E+00    0.13000E+02    0.00000E+00    0.26734E-05    0.16791E-06
    0.82000E+00   -0.13000E+02    0.00000E+00    0.31418E-09    0.19733E-10
    0.82000E+00   -0.12000E+02    0.00000E+00    0.31418E-09    0.19733E-10
    0.82000E+00   -0.11000E+02    0.00000E+00    0.31418E-09    0.19733E-10
    0.82000E+00   -0.10000E+02    0.00000E+00    0.31418E-09    0.19733E-10
    0.82000E+00   -0.90000E+01    0.00000E+00    0.31418E-09    0.19733E-10
    0.82000E+00   -0.80000E+01    0.00000E+00    0.31418E-09    0.19733E-10
    0.82000E+00   -0.70000E+01    0.00000E+00    0.31418E-09    0.19733E-10
    0.82000E+00   -0.60000E+01    0.00000E+00    0.31418E-09    0.19733E-10
    0.82000E+00   -0.50000E+01    0.00000E+00    0.31418E-09    0.19733E-10
    0.82000E+00   -0.40000E+01    0.00000E+00    0.31418E-09    0.19733E-10
    0.82000E+00   -0.30000E+01    0.00000E+00    0.31418E-09    0.19733E-10
    0.82000E+00   -0.20000E+01    0.00000E+00    0.31418E-09    0.19733E-10
    0.82000E+00   -0.10000E+01    0.00000E+00    0.31418E-09    0.19733E-10
    0.82000E+00    0.00000E+00    0.00000E+00    0.31418E-09    0.19733E-10
    0.82000E+00    0.10000E+01    0.00000E+00    0.11411E-05    0.71672E-07
    0.82000E+00    0.20000E+01    0.00000E+00    0.77575E-03    0.48723E-04
    0.82000E+00    0.30000E+01    0.00000E+00    0.10548E-01    0.66250E-03
    0.82000E+00    0.40000E+01    0.00000E+00    0.22024E-01    0.19192E-02
    0.82000E+00    0.50000E+01    0.00000E+00    0.29875E-01    0.34330E-02
    0.82000E+00    0.60000E+01    0.00000E+00    0.61977E-01    0.20345E-01
    0.82000E+00    0.70000E+01    0.00000E+00    0.82411E-01    0.49824E-01
    0.82000E+00    0.80000E+01    0.00000E+00    0.77407E-01    0.40408E-01
    0.82000E+00    0.90000E+01    0.00000E+00    0.52583E-01    0.12954E-01
    0.82000E+00    0.10000E+02    0.00000E+00    0.31542E-01    0.38507E-02
    0.82000E+00    0.11000E+02    0.00000E+00    0.81320E-02    0.51075E-03
    0.82000E+00    0.12000E+02    0.00000E+00    0.77447E-03    0.48643E-04
    0.82000E+00    0.13000E+02    0.00000E+00    0.30273E-05    0.19014E-06
    0.84000E+00   -0.13000E+02    0.00000E+00    0.31418E-09    0.19733E-10
    0.84000E+00   -0.12000E+02    0.00000E+00    0.31418E-09    0.19733E-10
    0.84000E+00   -0.11000E+02    0.00000E+00    0.31418E-09    0.19733E-10
    0.84000E+00   -0.10000E+02    0.00000E+00    0.31418E-09    0.19733E-10
    0.84000E+00   -0.90000E+01    0.00000E+00    0.31418E-09    0.19733E-10
    0.84000E+00   -0.80000E+01    0.00000E+00    0.31418E-09    0.19733E-10
    0.84000E+00   -0.70000E+01    0.00000E+00    0.31418E-09    0.19733E-10
    0.84000E+00   -0.60000E+01    0.00000E+00    0.31418E-09    0.19733E-10
    0.84000E+00   -0.50000E+01    0.00000E+00    0.31418E-09    0.19733E-10
    0.84000E+00   -0.40000E+01    0.00000E+00    0.31418E-09    0.19733E-10
    0.84000E+00   -0.30000E+01    0.00000E+00    0.31418E-09    0.19733E-10
    0.84000E+00   -0.20000E+01    0.00000E+00    0.31418E-09    0.19733E-10
    0.84000E+00   -0.10000E+01    0.00000E+00    0.31418E-09    0.19733E-10
    0.84000E+00    0.00000E+00    0.00000E+00    0.31418E-09    0.19733E-10
    0.84000E+00    0.10000E+01    0.00000E+00    0.13269E-05    0.83337E-07
    0.84000E+00    0.20000E+01    0.00000E+00    0.83068E-03    0.52173E-04
    0.84000E+00    0.30000E+01    0.00000E+00    0.10688E-01    0.67131E-03
    0.84000E+00    0.40000E+01    0.00000E+00    0.21867E-01    0.18936E-02
    0.84000E+00    0.50000E+01    0.00000E+00    0.30632E-01    0.36177E-02
    0.84000E+00    0.60000E+01    0.00000E+00    0.61860E-01    0.20235E-01
    0.84000E+00    0.70000E+01    0.00000E+00    0.81524E-01    0.48033E-01
    0.84000E+00    0.80000E+01    0.00000E+00    0.77446E-01    0.40474E-01
    0.84000E+00    0.90000E+01    0.00000E+00    0.52232E-01    0.12728E-01
    0.84000E+00    0.10000E+02    0.00000E+00    0.31731E-01    0.39007E-02
    0.84000E+00    0.11000E+02    0.00000E+00    0.83508E-02    0.52449E-03
    0.84000E+00    0.12000E+02    0.00000E+00    0.81957E-03    0.51475E-04
    0.84000E+00    0.13000E+02    0.00000E+00    0.37458E-05    0.23527E-06
    0.86000E+00   -0.13000E+02    0.00000E+00    0.31418E-09    0.19733E-10
    0.86000E+00   -0.12000E+02    0.00000E+00    0.31418E-09    0.19733E-10
    0.86000E+00   -0.11000E+02    0.00000E+00    0.31418E-09    0.19733E-10
    0.86000E+00   -0.10000E+02    0.00000E+00    0.31418E-09    0.19733E-10
    0.86000E+00   -0.90000E+01    0.00000E+00    0.31418E-09    0.19733E-10
    0.86000E+00   -0.80000E+01    0.00000E+00    0.31418E-09    0.19733E-10
    0.86000E+00   -0.70000E+01    0.00000E+00    0.31418E-09    0.19733E-10
    0.86000E+00   -0.60000E+01    0.00000E+00    0.31418E-09    0.19733E-10
    0.86000E+00   -0.50000E+01    0.00000E+00    0.31418E-09    0.19733E-10
    0.86000E+00   -0.40000E+01    0.00000E+00    0.31418E-09    0.19733E-10
    0.86000E+00   -0.30000E+01    0.00000E+00    0.31418E-09    0.19733E-10
    0.86000E+00   -0.20000E+01    0.00000E+00    0.31418E-09    0.19733E-10
    0.86000E+00   -0.10000E+01    0.00000E+00    0.31418E-09    0.19733E-10
    0.86000E+00    0.00000E+00    0.00000E+00    0.31418E-09    0.19733E-10
    0.86000E+00    0.10000E+01    0.00000E+00    0.15363E-05    0.96494E-07
    0.86000E+00    0.20000E+01    0.00000E+00    0.89430E-03    0.56169E-04
    0.86000E+00    0.30000E+01    0.00000E+00    0.11008E-01    0.69137E-03
    0.86000E+00    0.40000E+01    0.00000E+00    0.22010E-01    0.19169E-02
    0.86000E+00    0.50000E+01    0.00000E+00    0.31517E-01    0.38441E-02
    0.86000E+00    0.60000E+01    0.00000E+00    0.61923E-01    0.20294E-01
    0.86000E+00    0.70000E+01    0.00000E+00    0.80640E-01    0.46301E-01
    0.86000E+00    0.80000E+01    0.00000E+00    0.77472E-01    0.40518E-01
    0.86000E+00    0.90000E+01    0.00000E+00    0.52137E-01    0.12668E-01
    0.86000E+00    0.10000E+02    0.00000E+00    0.32169E-01    0.40189E-02
    0.86000E+00    0.11000E+02    0.00000E+00    0.86379E-02    0.54253E-03
    0.86000E+00    0.12000E+02    0.00000E+00    0.87236E-03    0.54791E-04
    0.86000E+00    0.13000E+02    0.00000E+00    0.40818E-05    0.25637E-06
    0.88000E+00   -0.13000E+02    0.00000E+00    0.31418E-09    0.19733E-10
    0.88000E+00   -0.12000E+02    0.00000E+00    0.31418E-09    0.19733E-10
    0.88000E+00   -0.11000E+02    0.00000E+00    0.31418E-09    0.19733E-10
    0.88000E+00   -0.10000E+02    0.00000E+00    0.31418E-09    0.19733E-10
    0.88000E+00   -0.90000E+01    0.00000E+00    0.31418E-09    0.19733E-10
    0.88000E+00   -0.80000E+01    0.00000E+00    0.31418E-09    0.19733E-10
    0.88000E+00   -0.70000E+01    0.00000E+00    0.31418E-09    0.19733E-10
    0.88000E+00   -0.60000E+01    0.00000E+00    0.31418E-09    0.19733E-10
    0.88000E+00   -0.50000E+01    0.00000E+00    0.31418E-09    0.19733E-10
    0.88000E+00   -0.40000E+01    0.00000E+00    0.31418E-09    0.19733E-10
    0.88000E+00   -0.30000E+01    0.00000E+00    0.31418E-09    0.19733E-10
    0.88000E+00   -0.20000E+01    0.00000E+00    0.31418E-09    0.19733E-10
    0.88000E+00   -0.10000E+01    0.00000E+00    0.31418E-09    0.19733E-10
    0.88000E+00    0.00000E+00    0.00000E+00    0.31418E-09    0.19733E-10
    0.88000E+00    0.10000E+01    0.00000E+00    0.17970E-05    0.11287E-06
    0.88000E+00    0.20000E+01    0.00000E+00    0.96520E-03    0.60622E-04
    0.88000E+00    0.30000E+01    0.00000E+00    0.11393E-01    0.71555E-03
    0.88000E+00    0.40000E+01    0.00000E+00    0.22256E-01    0.19573E-02
    0.88000E+00    0.50000E+01    0.00000E+00    0.32451E-01    0.40964E-02
    0.88000E+00    0.60000E+01    0.00000E+00    0.62140E-01    0.20499E-01
    0.88000E+00    0.70000E+01    0.00000E+00    0.79784E-01    0.44673E-01
    0.88000E+00    0.80000E+01    0.00000E+00    0.77501E-01    0.40569E-01
    0.88000E+00    0.90000E+01    0.00000E+00    0.52216E-01    0.12718E-01
    0.88000E+00    0.10000E+02    0.00000E+00    0.32707E-01    0.41679E-02
    0.88000E+00    0.11000E+02    0.00000E+00    0.89599E-02    0.56275E-03
    0.88000E+00    0.12000E+02    0.00000E+00    0.93129E-03    0.58492E-04
    0.88000E+00    0.13000E+02    0.00000E+00    0.56421E-05    0.35437E-06
    0.90000E+00   -0.13000E+02    0.00000E+00    0.31418E-09    0.19733E-10
    0.90000E+00   -0.12000E+02    0.00000E+00    0.31418E-09    0.19733E-10
    0.90000E+00   -0.11000E+02    0.00000E+00    0.31418E-09    0.19733E-10
    0.90000E+00   -0.10000E+02    0.00000E+00    0.31418E-09    0.19733E-10
    0.90000E+00   -0.90000E+01    0.00000E+00    0.31418E-09    0.19733E-10
    0.90000E+00   -0.80000E+01    0.00000E+00    0.31418E-09    0.19733E-10
    0.90000E+00   -0.70000E+01    0.00000E+00    0.31418E-09    0.19733E-10
    0.90000E+00   -0.60000E+01    0.00000E+00    0.31418E-09    0.19733E-10
    0.90000E+00   -0.50000E+01    0.00000E+00    0.31418E-09    0.19733E-10
    0.90000E+00   -0.40000E+01    0.00000E+00    0.31418E-09    0.19733E-10
    0.90000E+00   -0.30000E+01    0.00000E+00    0.31418E-09    0.19733E-10
    0.90000E+00   -0.20000E+01    0.00000E+00    0.31418E-09    0.19733E-10
    0.90000E+00   -0.10000E+01    0.00000E+00    0.31418E-09    0.19733E-10
    0.90000E+00    0.00000E+00    0.00000E+00    0.31418E-09    0.19733E-10
    0.90000E+00    0.10000E+01    0.00000E+00    0.21178E-05    0.13302E-06
    0.90000E+00    0.20000E+01    0.00000E+00    0.10430E-02    0.65507E-04
    0.90000E+00    0.30000E+01    0.00000E+00    0.11808E-01    0.74161E-03
    0.90000E+00    0.40000E+01    0.00000E+00    0.22513E-01    0.19999E-02
    0.90000E+00    0.50000E+01    0.00000E+00    0.33375E-01    0.43601E-02
    0.90000E+00    0.60000E+01    0.00000E+00    0.62366E-01    0.20715E-01
    0.90000E+00    0.70000E+01    0.00000E+00    0.78946E-01    0.43128E-01
    0.90000E+00    0.80000E+01    0.00000E+00    0.77514E-01    0.40591E-01
    0.90000E+00    0.90000E+01    0.00000E+00    0.52318E-01    0.12783E-01
    0.90000E+00    0.10000E+02    0.00000E+00    0.33236E-01    0.43194E-02
    0.90000E+00    0.11000E+02    0.00000E+00    0.93087E-02    0.58466E-03
    0.90000E+00    0.12000E+02    0.00000E+00    0.99234E-03    0.62326E-04
    0.90000E+00    0.13000E+02    0.00000E+00    0.63499E-05    0.39882E-06
    0.92000E+00   -0.13000E+02    0.00000E+00    0.31418E-09    0.19733E-10
    0.92000E+00   -0.12000E+02    0.00000E+00    0.31418E-09    0.19733E-10
    0.92000E+00   -0.11000E+02    0.00000E+00    0.31418E-09    0.19733E-10
    0.92000E+00   -0.10000E+02    0.00000E+00    0.31418E-09    0.19733E-10
    0.92000E+00   -0.90000E+01    0.00000E+00    0.31418E-09    0.19733E-10
    0.92000E+00   -0.80000E+01    0.00000E+00    0.31418E-09    0.19733E-10
    0.92000E+00   -0.70000E+01    0.00000E+00    0.31418E-09    0.19733E-10
    0.92000E+00   -0.60000E+01    0.00000E+00    0.31418E-09    0.19733E-10
    0.92000E+00   -0.50000E+01    0.00000E+00    0.31418E-09    0.19733E-10
    0.92000E+00   -0.40000E+01    0.00000E+00    0.31418E-09    0.19733E-10
    0.92000E+00   -0.30000E+01    0.00000E+00    0.31418E-09    0.19733E-10
    0.92000E+00   -0.20000E+01    0.00000E+00    0.31418E-09    0.19733E-10
    0.92000E+00   -0.10000E+01    0.00000E+00    0.31418E-09    0.19733E-10
    0.92000E+00    0.00000E+00    0.00000E+00    0.31418E-09    0.19733E-10
    0.92000E+00    0.10000E+01    0.00000E+00    0.25232E-05    0.15848E-06
    0.92000E+00    0.20000E+01    0.00000E+00    0.11267E-02    0.70763E-04
    0.92000E+00    0.30000E+01    0.00000E+00    0.12246E-01    0.76913E-03
    0.92000E+00    0.40000E+01    0.00000E+00    0.22768E-01    0.20424E-02
    0.92000E+00    0.50000E+01    0.00000E+00    0.34284E-01    0.46339E-02
    0.92000E+00    0.60000E+01    0.00000E+00    0.62575E-01    0.20917E-01
    0.92000E+00    0.70000E+01    0.00000E+00    0.78123E-01    0.41654E-01
    0.92000E+00    0.80000E+01    0.00000E+00    0.77474E-01    0.40521E-01
    0.92000E+00    0.90000E+01    0.00000E+00    0.52423E-01    0.12851E-01
    0.92000E+00    0.10000E+02    0.00000E+00    0.33747E-01    0.44704E-02
    0.92000E+00    0.11000E+02    0.00000E+00    0.96888E-02    0.60853E-03
    0.92000E+00    0.12000E+02    0.00000E+00    0.10623E-02    0.66722E-04
    0.92000E+00    0.13000E+02    0.00000E+00    0.67274E-05    0.42253E-06
    0.94000E+00   -0.13000E+02    0.00000E+00    0.31418E-09    0.19733E-10
    0.94000E+00   -0.12000E+02    0.00000E+00    0.31418E-09    0.19733E-10
    0.94000E+00   -0.11000E+02    0.00000E+00    0.31418E-09    0.19733E-10
    0.94000E+00   -0.10000E+02    0.00000E+00    0.31418E-09    0.19733E-10
    0.94000E+00   -0.90000E+01    0.00000E+00    0.31418E-09    0.19733E-10
    0.94000E+00   -0.80000E+01    0.00000E+00    0.31418E-09    0.19733E-10
    0.94000E+00   -0.70000E+01    0.00000E+00    0.31418E-09    0.19733E-10
    0.94000E+00   -0.60000E+01    0.00000E+00    0.31418E-09    0.19733E-10
    0.94000E+00   -0.50000E+01    0.00000E+00    0.31418E-09    0.19733E-10
    0.94000E+00   -0.40000E+01    0.00000E+00    0.31418E-09    0.19733E-10
    0.94000E+00   -0.30000E+01    0.00000E+00    0.31418E-09    0.19733E-10
    0.94000E+00   -0.20000E+01    0.00000E+00    0.31418E-09    0.19733E-10
    0.94000E+00   -0.10000E+01    0.00000E+00    0.31418E-09    0.19733E-10
    0.94000E+00    0.00000E+00    0.00000E+00    0.31418E-09    0.19733E-10
    0.94000E+00    0.10000E+01    0.00000E+00    0.29050E-05    0.18246E-06
    0.94000E+00    0.20000E+01    0.00000E+00    0.12082E-02    0.75885E-04
    0.94000E+00    0.30000E+01    0.00000E+00    0.12703E-01    0.79787E-03
    0.94000E+00    0.40000E+01    0.00000E+00    0.23020E-01    0.20846E-02
    0.94000E+00    0.50000E+01    0.00000E+00    0.35176E-01    0.49167E-02
    0.94000E+00    0.60000E+01    0.00000E+00    0.62766E-01    0.21103E-01
    0.94000E+00    0.70000E+01    0.00000E+00    0.77320E-01    0.40258E-01
    0.94000E+00    0.80000E+01    0.00000E+00    0.77445E-01    0.40472E-01
    0.94000E+00    0.90000E+01    0.00000E+00    0.52530E-01    0.12920E-01
    0.94000E+00    0.10000E+02    0.00000E+00    0.34237E-01    0.46196E-02
    0.94000E+00    0.11000E+02    0.00000E+00    0.10100E-01    0.63436E-03
    0.94000E+00    0.12000E+02    0.00000E+00    0.11361E-02    0.71355E-04
    0.94000E+00    0.13000E+02    0.00000E+00    0.63980E-05    0.40184E-06
    0.96000E+00   -0.13000E+02    0.00000E+00    0.31418E-09    0.19733E-10
    0.96000E+00   -0.12000E+02    0.00000E+00    0.31418E-09    0.19733E-10
    0.96000E+00   -0.11000E+02    0.00000E+00    0.31418E-09    0.19733E-10
    0.96000E+00   -0.10000E+02    0.00000E+00    0.31418E-09    0.19733E-10
    0.96000E+00   -0.90000E+01    0.00000E+00    0.31418E-09    0.19733E-10
    0.96000E+00   -0.80000E+01    0.00000E+00    0.31418E-09    0.19733E-10
    0.96000E+00   -0.70000E+01    0.00000E+00    0.31418E-09    0.19733E-10
    0.96000E+00   -0.60000E+01    0.00000E+00    0.31418E-09    0.19733E-10
    0.96000E+00   -0.50000E+01    0.00000E+00    0.31418E-09    0.19733E-10
    0.96000E+00   -0.40000E+01    0.00000E+00    0.31418E-09    0.19733E-10
    0.96000E+00   -0.30000E+01    0.00000E+00    0.31418E-09    0.19733E-10
    0.96000E+00   -0.20000E+01    0.00000E+00    0.31418E-09    0.19733E-10
    0.96000E+00   -0.10000E+01    0.00000E+00    0.31418E-09    0.19733E-10
    0.96000E+00    0.00000E+00    0.00000E+00    0.31418E-09    0.19733E-10
    0.96000E+00    0.10000E+01    0.00000E+00    0.31893E-05    0.20032E-06
    0.96000E+00    0.20000E+01    0.00000E+00    0.12853E-02    0.80727E-04
    0.96000E+00    0.30000E+01    0.00000E+00    0.13177E-01    0.82759E-03
    0.96000E+00    0.40000E+01    0.00000E+00    0.23266E-01    0.21264E-02
    0.96000E+00    0.50000E+01    0.00000E+00    0.36089E-01    0.52087E-02
    0.96000E+00    0.60000E+01    0.00000E+00    0.62938E-01    0.21271E-01
    0.96000E+00    0.70000E+01    0.00000E+00    0.76533E-01    0.38928E-01
    0.96000E+00    0.80000E+01    0.00000E+00    0.77401E-01    0.40396E-01
    0.96000E+00    0.90000E+01    0.00000E+00    0.52639E-01    0.12991E-01
    0.96000E+00    0.10000E+02    0.00000E+00    0.34708E-01    0.47665E-02
    0.96000E+00    0.11000E+02    0.00000E+00    0.10543E-01    0.66219E-03
    0.96000E+00    0.12000E+02    0.00000E+00    0.12047E-02    0.75668E-04
    0.96000E+00    0.13000E+02    0.00000E+00    0.12957E-04    0.81381E-06
    0.98000E+00   -0.13000E+02    0.00000E+00    0.31418E-09    0.19733E-10
    0.98000E+00   -0.12000E+02    0.00000E+00    0.31418E-09    0.19733E-10
    0.98000E+00   -0.11000E+02    0.00000E+00    0.31418E-09    0.19733E-10
    0.98000E+00   -0.10000E+02    0.00000E+00    0.31418E-09    0.19733E-10
    0.98000E+00   -0.90000E+01    0.00000E+00    0.31418E-09    0.19733E-10
    0.98000E+00   -0.80000E+01    0.00000E+00    0.31418E-09    0.19733E-10
    0.98000E+00   -0.70000E+01    0.00000E+00    0.31418E-09    0.19733E-10
    0.98000E+00   -0.60000E+01    0.00000E+00    0.31418E-09    0.19733E-10
    0.98000E+00   -0.50000E+01    0.00000E+00    0.31418E-09    0.19733E-10
    0.98000E+00   -0.40000E+01    0.00000E+00    0.31418E-09    0.19733E-10
    0.98000E+00   -0.30000E+01    0.00000E+00    0.31418E-09    0.19733E-10
    0.98000E+00   -0.20000E+01    0.00000E+00    0.31418E-09    0.19733E-10
    0.98000E+00   -0.10000E+01    0.00000E+00    0.31418E-09    0.19733E-10
    0.98000E+00    0.00000E+00    0.00000E+00    0.31418E-09    0.19733E-10
    0.98000E+00    0.10000E+01    0.00000E+00    0.33696E-05    0.21163E-06
    0.98000E+00    0.20000E+01    0.00000E+00    0.13609E-02    0.85476E-04
    0.98000E+00    0.30000E+01    0.00000E+00    0.13659E-01    0.85786E-03
    0.98000E+00    0.40000E+01    0.00000E+00    0.23509E-01    0.21678E-02
    0.98000E+00    0.50000E+01    0.00000E+00    0.37000E-01    0.55087E-02
    0.98000E+00    0.60000E+01    0.00000E+00    0.63090E-01    0.21421E-01
    0.98000E+00    0.70000E+01    0.00000E+00    0.75763E-01    0.37664E-01
    0.98000E+00    0.80000E+01    0.00000E+00    0.77338E-01    0.40288E-01
    0.98000E+00    0.90000E+01    0.00000E+00    0.52753E-01    0.13064E-01
    0.98000E+00    0.10000E+02    0.00000E+00    0.35160E-01    0.49113E-02
    0.98000E+00    0.11000E+02    0.00000E+00    0.11015E-01    0.69186E-03
    0.98000E+00    0.12000E+02    0.00000E+00    0.12661E-02    0.79521E-04
    0.98000E+00    0.13000E+02    0.00000E+00    0.21637E-04    0.13590E-05
    0.10000E+01   -0.13000E+02    0.00000E+00    0.31418E-09    0.19733E-10
    0.10000E+01   -0.12000E+02    0.00000E+00    0.31418E-09    0.19733E-10
    0.10000E+01   -0.11000E+02    0.00000E+00    0.31418E-09    0.19733E-10
    0.10000E+01   -0.10000E+02    0.00000E+00    0.31418E-09    0.19733E-10
    0.10000E+01   -0.90000E+01    0.00000E+00    0.31418E-09    0.19733E-10
    0.10000E+01   -0.80000E+01    0.00000E+00    0.31418E-09    0.19733E-10
    0.10000E+01   -0.70000E+01    0.00000E+00    0.31418E-09    0.19733E-10
    0.10000E+01   -0.60000E+01    0.00000E+00    0.31418E-09    0.19733E-10
    0.10000E+01   -0.50000E+01    0.00000E+00    0.31418E-09    0.19733E-10
    0.10000E+01   -0.40000E+01    0.00000E+00    0.31418E-09    0.19733E-10
    0.10000E+01   -0.30000E+01    0.00000E+00    0.31418E-09    0.19733E-10
    0.10000E+01   -0.20000E+01    0.00000E+00    0.31418E-09    0.19733E-10
    0.10000E+01   -0.10000E+01    0.00000E+00    0.31418E-09    0.19733E-10
    0.10000E+01    0.00000E+00    0.00000E+00    0.31418E-09    0.19733E-10
    0.10000E+01    0.10000E+01    0.00000E+00    0.35501E-05    0.22297E-06
    0.10000E+01    0.20000E+01    0.00000E+00    0.14424E-02    0.90594E-04
    0.10000E+01    0.30000E+01    0.00000E+00    0.14146E-01    0.88845E-03
    0.10000E+01    0.40000E+01    0.00000E+00    0.23747E-01    0.22090E-02
    0.10000E+01    0.50000E+01    0.00000E+00    0.37895E-01    0.58158E-02
    0.10000E+01    0.60000E+01    0.00000E+00    0.63224E-01    0.21554E-01
    0.10000E+01    0.70000E+01    0.00000E+00    0.75011E-01    0.36464E-01
    0.10000E+01    0.80000E+01    0.00000E+00    0.77256E-01    0.40148E-01
    0.10000E+01    0.90000E+01    0.00000E+00    0.52871E-01    0.13141E-01
    0.10000E+01    0.10000E+02    0.00000E+00    0.35599E-01    0.50527E-02
    0.10000E+01    0.11000E+02    0.00000E+00    0.11512E-01    0.72305E-03
    0.10000E+01    0.12000E+02    0.00000E+00    0.13234E-02    0.83119E-04
    0.10000E+01    0.13000E+02    0.00000E+00    0.29654E-04    0.18625E-05
    0.10200E+01   -0.13000E+02    0.00000E+00    0.31418E-09    0.19733E-10
    0.10200E+01   -0.12000E+02    0.00000E+00    0.31418E-09    0.19733E-10
    0.10200E+01   -0.11000E+02    0.00000E+00    0.31418E-09    0.19733E-10
    0.10200E+01   -0.10000E+02    0.00000E+00    0.31418E-09    0.19733E-10
    0.10200E+01   -0.90000E+01    0.00000E+00    0.31418E-09    0.19733E-10
    0.10200E+01   -0.80000E+01    0.00000E+00    0.31418E-09    0.19733E-10
    0.10200E+01   -0.70000E+01    0.00000E+00    0.31418E-09    0.19733E-10
    0.10200E+01   -0.60000E+01    0.00000E+00    0.31418E-09    0.19733E-10
    0.10200E+01   -0.50000E+01    0.00000E+00    0.31418E-09    0.19733E-10
    0.10200E+01   -0.40000E+01    0.00000E+00    0.31418E-09    0.19733E-10
    0.10200E+01   -0.30000E+01    0.00000E+00    0.31418E-09    0.19733E-10
    0.10200E+01   -0.20000E+01    0.00000E+00    0.31418E-09    0.19733E-10
    0.10200E+01   -0.10000E+01    0.00000E+00    0.31418E-09    0.19733E-10
    0.10200E+01    0.00000E+00    0.00000E+00    0.31418E-09    0.19733E-10
    0.10200E+01    0.10000E+01    0.00000E+00    0.38896E-05    0.24430E-06
    0.10200E+01    0.20000E+01    0.00000E+00    0.15386E-02    0.96636E-04
    0.10200E+01    0.30000E+01    0.00000E+00    0.14636E-01    0.91924E-03
    0.10200E+01    0.40000E+01    0.00000E+00    0.23983E-01    0.22498E-02
    0.10200E+01    0.50000E+01    0.00000E+00    0.38769E-01    0.61291E-02
    0.10200E+01    0.60000E+01    0.00000E+00    0.63341E-01    0.21671E-01
    0.10200E+01    0.70000E+01    0.00000E+00    0.74278E-01    0.35326E-01
    0.10200E+01    0.80000E+01    0.00000E+00    0.77157E-01    0.39979E-01
    0.10200E+01    0.90000E+01    0.00000E+00    0.52994E-01    0.13222E-01
    0.10200E+01    0.10000E+02    0.00000E+00    0.36032E-01    0.51905E-02
    0.10200E+01    0.11000E+02    0.00000E+00    0.12030E-01    0.75558E-03
    0.10200E+01    0.12000E+02    0.00000E+00    0.13834E-02    0.86888E-04
    0.10200E+01    0.13000E+02    0.00000E+00    0.37002E-04    0.23240E-05
    0.10400E+01   -0.13000E+02    0.00000E+00    0.31418E-09    0.19733E-10
    0.10400E+01   -0.12000E+02    0.00000E+00    0.31418E-09    0.19733E-10
    0.10400E+01   -0.11000E+02    0.00000E+00    0.31418E-09    0.19733E-10
    0.10400E+01   -0.10000E+02    0.00000E+00    0.31418E-09    0.19733E-10
    0.10400E+01   -0.90000E+01    0.00000E+00    0.31418E-09    0.19733E-10
    0.10400E+01   -0.80000E+01    0.00000E+00    0.31418E-09    0.19733E-10
    0.10400E+01   -0.70000E+01    0.00000E+00    0.31418E-09    0.19733E-10
    0.10400E+01   -0.60000E+01    0.00000E+00    0.31418E-09    0.19733E-10
    0.10400E+01   -0.50000E+01    0.00000E+00    0.31418E-09    0.19733E-10
    0.10400E+01   -0.40000E+01    0.00000E+00    0.31418E-09    0.19733E-10
    0.10400E+01   -0.30000E+01    0.00000E+00    0.31418E-09    0.19733E-10
    0.10400E+01   -0.20000E+01    0.00000E+00    0.31418E-09    0.19733E-10
    0.10400E+01   -0.10000E+01    0.00000E+00    0.31418E-09    0.19733E-10
    0.10400E+01    0.00000E+00    0.00000E+00    0.31418E-09    0.19733E-10
    0.10400E+01    0.10000E+01    0.00000E+00    0.45549E-05    0.28608E-06
    0.10400E+01    0.20000E+01    0.00000E+00    0.16569E-02    0.10407E-03
    0.10400E+01    0.30000E+01    0.00000E+00    0.15127E-01    0.95007E-03
    0.10400E+01    0.40000E+01    0.00000E+00    0.24215E-01    0.22905E-02
    0.10400E+01    0.50000E+01    0.00000E+00    0.39629E-01    0.64499E-02
    0.10400E+01    0.60000E+01    0.00000E+00    0.63442E-01    0.21771E-01
    0.10400E+01    0.70000E+01    0.00000E+00    0.73561E-01    0.34243E-01
    0.10400E+01    0.80000E+01    0.00000E+00    0.77042E-01    0.39783E-01
    0.10400E+01    0.90000E+01    0.00000E+00    0.53124E-01    0.13308E-01
    0.10400E+01    0.10000E+02    0.00000E+00    0.36446E-01    0.53246E-02
    0.10400E+01    0.11000E+02    0.00000E+00    0.12566E-01    0.78927E-03
    0.10400E+01    0.12000E+02    0.00000E+00    0.14541E-02    0.91326E-04
    0.10400E+01    0.13000E+02    0.00000E+00    0.45286E-04    0.28443E-05
    0.10600E+01   -0.13000E+02    0.00000E+00    0.31418E-09    0.19733E-10
    0.10600E+01   -0.12000E+02    0.00000E+00    0.31418E-09    0.19733E-10
    0.10600E+01   -0.11000E+02    0.00000E+00    0.31418E-09    0.19733E-10
    0.10600E+01   -0.10000E+02    0.00000E+00    0.31418E-09    0.19733E-10
    0.10600E+01   -0.90000E+01    0.00000E+00    0.31418E-09    0.19733E-10
    0.10600E+01   -0.80000E+01    0.00000E+00    0.31418E-09    0.19733E-10
    0.10600E+01   -0.70000E+01    0.00000E+00    0.31418E-09    0.19733E-10
    0.10600E+01   -0.60000E+01    0.00000E+00    0.31418E-09    0.19733E-10
    0.10600E+01   -0.50000E+01    0.00000E+00    0.31418E-09    0.19733E-10
    0.10600E+01   -0.40000E+01    0.00000E+00    0.31418E-09    0.19733E-10
    0.10600E+01   -0.30000E+01    0.00000E+00    0.31418E-09    0.19733E-10
    0.10600E+01   -0.20000E+01    0.00000E+00    0.31418E-09    0.19733E-10
    0.10600E+01   -0.10000E+01    0.00000E+00    0.31418E-09    0.19733E-10
    0.10600E+01    0.00000E+00    0.00000E+00    0.31418E-09    0.19733E-10
    0.10600E+01    0.10000E+01    0.00000E+00    0.56747E-05    0.35641E-06
    0.10600E+01    0.20000E+01    0.00000E+00    0.18019E-02    0.11317E-03
    0.10600E+01    0.30000E+01    0.00000E+00    0.15616E-01    0.98082E-03
    0.10600E+01    0.40000E+01    0.00000E+00    0.24445E-01    0.23311E-02
    0.10600E+01    0.50000E+01    0.00000E+00    0.40482E-01    0.67813E-02
    0.10600E+01    0.60000E+01    0.00000E+00    0.63525E-01    0.21855E-01
    0.10600E+01    0.70000E+01    0.00000E+00    0.72863E-01    0.33217E-01
    0.10600E+01    0.80000E+01    0.00000E+00    0.76910E-01    0.39560E-01
    0.10600E+01    0.90000E+01    0.00000E+00    0.53260E-01    0.13398E-01
    0.10600E+01    0.10000E+02    0.00000E+00    0.36838E-01    0.54544E-02
    0.10600E+01    0.11000E+02    0.00000E+00    0.13119E-01    0.82399E-03
    0.10600E+01    0.12000E+02    0.00000E+00    0.15422E-02    0.96863E-04
    0.10600E+01    0.13000E+02    0.00000E+00    0.55961E-04    0.35148E-05
    0.10800E+01   -0.13000E+02    0.00000E+00    0.31418E-09    0.19733E-10
    0.10800E+01   -0.12000E+02    0.00000E+00    0.31418E-09    0.19733E-10
    0.10800E+01   -0.11000E+02    0.00000E+00    0.31418E-09    0.19733E-10
    0.10800E+01   -0.10000E+02    0.00000E+00    0.31418E-09    0.19733E-10
    0.10800E+01   -0.90000E+01    0.00000E+00    0.31418E-09    0.19733E-10
    0.10800E+01   -0.80000E+01    0.00000E+00    0.31418E-09    0.19733E-10
    0.10800E+01   -0.70000E+01    0.00000E+00    0.31418E-09    0.19733E-10
    0.10800E+01   -0.60000E+01    0.00000E+00    0.31418E-09    0.19733E-10
    0.10800E+01   -0.50000E+01    0.00000E+00    0.31418E-09    0.19733E-10
    0.10800E+01   -0.40000E+01    0.00000E+00    0.31418E-09    0.19733E-10
    0.10800E+01   -0.30000E+01    0.00000E+00    0.31418E-09    0.19733E-10
    0.10800E+01   -0.20000E+01    0.00000E+00    0.31418E-09    0.19733E-10
    0.10800E+01   -0.10000E+01    0.00000E+00    0.31418E-09    0.19733E-10
    0.10800E+01    0.00000E+00    0.00000E+00    0.31418E-09    0.19733E-10
    0.10800E+01    0.10000E+01    0.00000E+00    0.73226E-05    0.45992E-06
    0.10800E+01    0.20000E+01    0.00000E+00    0.19742E-02    0.12400E-03
    0.10800E+01    0.30000E+01    0.00000E+00    0.16003E-01    0.10114E-02
    0.10800E+01    0.40000E+01    0.00000E+00    0.24672E-01    0.23715E-02
    0.10800E+01    0.50000E+01    0.00000E+00    0.41313E-01    0.71152E-02
    0.10800E+01    0.60000E+01    0.00000E+00    0.63593E-01    0.21923E-01
    0.10800E+01    0.70000E+01    0.00000E+00    0.72184E-01    0.32244E-01
    0.10800E+01    0.80000E+01    0.00000E+00    0.76762E-01    0.39311E-01
    0.10800E+01    0.90000E+01    0.00000E+00    0.53403E-01    0.13493E-01
    0.10800E+01    0.10000E+02    0.00000E+00    0.37211E-01    0.55799E-02
    0.10800E+01    0.11000E+02    0.00000E+00    0.13687E-01    0.85963E-03
    0.10800E+01    0.12000E+02    0.00000E+00    0.16523E-02    0.10378E-03
    0.10800E+01    0.13000E+02    0.00000E+00    0.69748E-04    0.43807E-05
    0.11000E+01   -0.13000E+02    0.00000E+00    0.31418E-09    0.19733E-10
    0.11000E+01   -0.12000E+02    0.00000E+00    0.31418E-09    0.19733E-10
    0.11000E+01   -0.11000E+02    0.00000E+00    0.31418E-09    0.19733E-10
    0.11000E+01   -0.10000E+02    0.00000E+00    0.31418E-09    0.19733E-10
    0.11000E+01   -0.90000E+01    0.00000E+00    0.31418E-09    0.19733E-10
    0.11000E+01   -0.80000E+01    0.00000E+00    0.31418E-09    0.19733E-10
    0.11000E+01   -0.70000E+01    0.00000E+00    0.31418E-09    0.19733E-10
    0.11000E+01   -0.60000E+01    0.00000E+00    0.31418E-09    0.19733E-10
    0.11000E+01   -0.50000E+01    0.00000E+00    0.31418E-09    0.19733E-10
    0.11000E+01   -0.40000E+01    0.00000E+00    0.31418E-09    0.19733E-10
    0.11000E+01   -0.30000E+01    0.00000E+00    0.31418E-09    0.19733E-10
    0.11000E+01   -0.20000E+01    0.00000E+00    0.31418E-09    0.19733E-10
    0.11000E+01   -0.10000E+01    0.00000E+00    0.31418E-09    0.19733E-10
    0.11000E+01    0.00000E+00    0.00000E+00    0.31418E-09    0.19733E-10
    0.11000E+01    0.10000E+01    0.00000E+00    0.95133E-05    0.59751E-06
    0.11000E+01    0.20000E+01    0.00000E+00    0.21700E-02    0.13629E-03
    0.11000E+01    0.30000E+01    0.00000E+00    0.16207E-01    0.10400E-02
    0.11000E+01    0.40000E+01    0.00000E+00    0.24867E-01    0.24065E-02
    0.11000E+01    0.50000E+01    0.00000E+00    0.42038E-01    0.74133E-02
    0.11000E+01    0.60000E+01    0.00000E+00    0.63626E-01    0.21957E-01
    0.11000E+01    0.70000E+01    0.00000E+00    0.71523E-01    0.31322E-01
    0.11000E+01    0.80000E+01    0.00000E+00    0.76597E-01    0.39035E-01
    0.11000E+01    0.90000E+01    0.00000E+00    0.53526E-01    0.13576E-01
    0.11000E+01    0.10000E+02    0.00000E+00    0.37531E-01    0.56895E-02
    0.11000E+01    0.11000E+02    0.00000E+00    0.14252E-01    0.89513E-03
    0.11000E+01    0.12000E+02    0.00000E+00    0.17849E-02    0.11210E-03
    0.11000E+01    0.13000E+02    0.00000E+00    0.32384E-04    0.20340E-05
    0.11200E+01   -0.13000E+02    0.00000E+00    0.31418E-09    0.19733E-10
    0.11200E+01   -0.12000E+02    0.00000E+00    0.31418E-09    0.19733E-10
    0.11200E+01   -0.11000E+02    0.00000E+00    0.31418E-09    0.19733E-10
    0.11200E+01   -0.10000E+02    0.00000E+00    0.31418E-09    0.19733E-10
    0.11200E+01   -0.90000E+01    0.00000E+00    0.31418E-09    0.19733E-10
    0.11200E+01   -0.80000E+01    0.00000E+00    0.31418E-09    0.19733E-10
    0.11200E+01   -0.70000E+01    0.00000E+00    0.31418E-09    0.19733E-10
    0.11200E+01   -0.60000E+01    0.00000E+00    0.31418E-09    0.19733E-10
    0.11200E+01   -0.50000E+01    0.00000E+00    0.31418E-09    0.19733E-10
    0.11200E+01   -0.40000E+01    0.00000E+00    0.31418E-09    0.19733E-10
    0.11200E+01   -0.30000E+01    0.00000E+00    0.31418E-09    0.19733E-10
    0.11200E+01   -0.20000E+01    0.00000E+00    0.31418E-09    0.19733E-10
    0.11200E+01   -0.10000E+01    0.00000E+00    0.31418E-09    0.19733E-10
    0.11200E+01    0.00000E+00    0.00000E+00    0.31418E-09    0.19733E-10
    0.11200E+01    0.10000E+01    0.00000E+00    0.12218E-04    0.76737E-06
    0.11200E+01    0.20000E+01    0.00000E+00    0.23874E-02    0.14995E-03
    0.11200E+01    0.30000E+01    0.00000E+00    0.16420E-01    0.10699E-02
    0.11200E+01    0.40000E+01    0.00000E+00    0.25088E-01    0.24464E-02
    0.11200E+01    0.50000E+01    0.00000E+00    0.42836E-01    0.77529E-02
    0.11200E+01    0.60000E+01    0.00000E+00    0.63661E-01    0.21992E-01
    0.11200E+01    0.70000E+01    0.00000E+00    0.70883E-01    0.30450E-01
    0.11200E+01    0.80000E+01    0.00000E+00    0.76419E-01    0.38738E-01
    0.11200E+01    0.90000E+01    0.00000E+00    0.53685E-01    0.13682E-01
    0.11200E+01    0.10000E+02    0.00000E+00    0.37865E-01    0.58056E-02
    0.11200E+01    0.11000E+02    0.00000E+00    0.14845E-01    0.93240E-03
    0.11200E+01    0.12000E+02    0.00000E+00    0.19406E-02    0.12188E-03
    0.11200E+01    0.13000E+02    0.00000E+00    0.43082E-04    0.27059E-05
    0.11400E+01   -0.13000E+02    0.00000E+00    0.31418E-09    0.19733E-10
    0.11400E+01   -0.12000E+02    0.00000E+00    0.31418E-09    0.19733E-10
    0.11400E+01   -0.11000E+02    0.00000E+00    0.31418E-09    0.19733E-10
    0.11400E+01   -0.10000E+02    0.00000E+00    0.31418E-09    0.19733E-10
    0.11400E+01   -0.90000E+01    0.00000E+00    0.31418E-09    0.19733E-10
    0.11400E+01   -0.80000E+01    0.00000E+00    0.31418E-09    0.19733E-10
    0.11400E+01   -0.70000E+01    0.00000E+00    0.31418E-09    0.19733E-10
    0.11400E+01   -0.60000E+01    0.00000E+00    0.31418E-09    0.19733E-10
    0.11400E+01   -0.50000E+01    0.00000E+00    0.31418E-09    0.19733E-10
    0.11400E+01   -0.40000E+01    0.00000E+00    0.31418E-09    0.19733E-10
    0.11400E+01   -0.30000E+01    0.00000E+00    0.31418E-09    0.19733E-10
    0.11400E+01   -0.20000E+01    0.00000E+00    0.31418E-09    0.19733E-10
    0.11400E+01   -0.10000E+01    0.00000E+00    0.31418E-09    0.19733E-10
    0.11400E+01    0.00000E+00    0.00000E+00    0.31418E-09    0.19733E-10
    0.11400E+01    0.10000E+01    0.00000E+00    0.15366E-04    0.96509E-06
    0.11400E+01    0.20000E+01    0.00000E+00    0.26186E-02    0.16447E-03
    0.11400E+01    0.30000E+01    0.00000E+00    0.16630E-01    0.10997E-02
    0.11400E+01    0.40000E+01    0.00000E+00    0.25312E-01    0.24871E-02
    0.11400E+01    0.50000E+01    0.00000E+00    0.43608E-01    0.80928E-02
    0.11400E+01    0.60000E+01    0.00000E+00    0.63684E-01    0.22015E-01
    0.11400E+01    0.70000E+01    0.00000E+00    0.70261E-01    0.29624E-01
    0.11400E+01    0.80000E+01    0.00000E+00    0.76226E-01    0.38420E-01
    0.11400E+01    0.90000E+01    0.00000E+00    0.53854E-01    0.13797E-01
    0.11400E+01    0.10000E+02    0.00000E+00    0.38183E-01    0.59178E-02
    0.11400E+01    0.11000E+02    0.00000E+00    0.15452E-01    0.97051E-03
    0.11400E+01    0.12000E+02    0.00000E+00    0.21149E-02    0.13284E-03
    0.11400E+01    0.13000E+02    0.00000E+00    0.70360E-04    0.44192E-05
    0.11600E+01   -0.13000E+02    0.00000E+00    0.31418E-09    0.19733E-10
    0.11600E+01   -0.12000E+02    0.00000E+00    0.31418E-09    0.19733E-10
    0.11600E+01   -0.11000E+02    0.00000E+00    0.31418E-09    0.19733E-10
    0.11600E+01   -0.10000E+02    0.00000E+00    0.31418E-09    0.19733E-10
    0.11600E+01   -0.90000E+01    0.00000E+00    0.31418E-09    0.19733E-10
    0.11600E+01   -0.80000E+01    0.00000E+00    0.31418E-09    0.19733E-10
    0.11600E+01   -0.70000E+01    0.00000E+00    0.31418E-09    0.19733E-10
    0.11600E+01   -0.60000E+01    0.00000E+00    0.31418E-09    0.19733E-10
    0.11600E+01   -0.50000E+01    0.00000E+00    0.31418E-09    0.19733E-10
    0.11600E+01   -0.40000E+01    0.00000E+00    0.31418E-09    0.19733E-10
    0.11600E+01   -0.30000E+01    0.00000E+00    0.31418E-09    0.19733E-10
    0.11600E+01   -0.20000E+01    0.00000E+00    0.31418E-09    0.19733E-10
    0.11600E+01   -0.10000E+01    0.00000E+00    0.31418E-09    0.19733E-10
    0.11600E+01    0.00000E+00    0.00000E+00    0.31418E-09    0.19733E-10
    0.11600E+01    0.10000E+01    0.00000E+00    0.18860E-04    0.11845E-05
    0.11600E+01    0.20000E+01    0.00000E+00    0.28565E-02    0.17941E-03
    0.11600E+01    0.30000E+01    0.00000E+00    0.16837E-01    0.11291E-02
    0.11600E+01    0.40000E+01    0.00000E+00    0.25534E-01    0.25281E-02
    0.11600E+01    0.50000E+01    0.00000E+00    0.44353E-01    0.84319E-02
    0.11600E+01    0.60000E+01    0.00000E+00    0.63693E-01    0.22025E-01
    0.11600E+01    0.70000E+01    0.00000E+00    0.69659E-01    0.28842E-01
    0.11600E+01    0.80000E+01    0.00000E+00    0.76020E-01    0.38082E-01
    0.11600E+01    0.90000E+01    0.00000E+00    0.54032E-01    0.13919E-01
    0.11600E+01    0.10000E+02    0.00000E+00    0.38483E-01    0.60250E-02
    0.11600E+01    0.11000E+02    0.00000E+00    0.15988E-01    0.10093E-02
    0.11600E+01    0.12000E+02    0.00000E+00    0.23029E-02    0.14464E-03
    0.11600E+01    0.13000E+02    0.00000E+00    0.93816E-04    0.58923E-05
    0.11800E+01   -0.13000E+02    0.00000E+00    0.31418E-09    0.19733E-10
    0.11800E+01   -0.12000E+02    0.00000E+00    0.31418E-09    0.19733E-10
    0.11800E+01   -0.11000E+02    0.00000E+00    0.31418E-09    0.19733E-10
    0.11800E+01   -0.10000E+02    0.00000E+00    0.31418E-09    0.19733E-10
    0.11800E+01   -0.90000E+01    0.00000E+00    0.31418E-09    0.19733E-10
    0.11800E+01   -0.80000E+01    0.00000E+00    0.31418E-09    0.19733E-10
    0.11800E+01   -0.70000E+01    0.00000E+00    0.31418E-09    0.19733E-10
    0.11800E+01   -0.60000E+01    0.00000E+00    0.31418E-09    0.19733E-10
    0.11800E+01   -0.50000E+01    0.00000E+00    0.31418E-09    0.19733E-10
    0.11800E+01   -0.40000E+01    0.00000E+00    0.31418E-09    0.19733E-10
    0.11800E+01   -0.30000E+01    0.00000E+00    0.31418E-09    0.19733E-10
    0.11800E+01   -0.20000E+01    0.00000E+00    0.31418E-09    0.19733E-10
    0.11800E+01   -0.10000E+01    0.00000E+00    0.31418E-09    0.19733E-10
    0.11800E+01    0.00000E+00    0.00000E+00    0.31418E-09    0.19733E-10
    0.11800E+01    0.10000E+01    0.00000E+00    0.22581E-04    0.14182E-05
    0.11800E+01    0.20000E+01    0.00000E+00    0.30937E-02    0.19431E-03
    0.11800E+01    0.30000E+01    0.00000E+00    0.17038E-01    0.11578E-02
    0.11800E+01    0.40000E+01    0.00000E+00    0.25747E-01    0.25676E-02
    0.11800E+01    0.50000E+01    0.00000E+00    0.45073E-01    0.87704E-02
    0.11800E+01    0.60000E+01    0.00000E+00    0.63687E-01    0.22018E-01
    0.11800E+01    0.70000E+01    0.00000E+00    0.69063E-01    0.28087E-01
    0.11800E+01    0.80000E+01    0.00000E+00    0.75800E-01    0.37724E-01
