# tau_s	eta_s	t_dec	visbulknorm
2.497509	0.093375569	155	2.55794911
0.952789	0.148284360	155	0.45891507
2.257860	0.154710099	155	2.19808456
1.151697	0.033318235	155	2.41687358
0.521834	0.006795735	155	2.05130803
1.038259	0.142030845	155	2.47623039
2.027617	0.196406537	155	2.25598205
0.189962	0.161424982	155	0.12520195
2.332410	0.207118411	155	1.84909931
2.747447	0.180639557	155	0.87540144
0.202349	0.052402187	155	0.62160132
1.774579	0.134581399	155	0.82880761
2.630619	0.201355797	155	1.29901234
1.332388	0.102385114	155	1.72418993
2.454090	0.119692576	155	1.53567130
2.885069	0.001694214	155	1.02144801
1.491703	0.168848594	155	0.24790460
0.320352	0.081719996	155	2.69447612
2.922807	0.073336769	155	0.05674720
0.826185	0.063962707	155	2.14716390
2.158598	0.171313981	155	1.62128720
0.743726	0.025361076	155	1.89293064
1.227945	0.115596108	155	0.36435478
1.608009	0.043031359	155	1.35968808
1.458635	0.107157601	155	2.89472414
1.866788	0.068598675	155	2.92398690
2.681394	0.088596644	155	0.72732216
0.568843	0.027436935	155	1.19292177
0.440281	0.055975701	155	0.55722420
1.953634	0.013618997	155	2.77009187
0.690075	0.126510273	155	1.09797599
1.659434	0.185145841	155	1.44270985
2.083161	0.077453687	155	0.28486239
0.375692	0.021835813	155	0.93916596
0.502163	0.112721429	155	0.40513104
2.380989	0.099324291	155	2.38727884
1.089600	0.006538495	155	2.74678558
2.517272	0.061141150	155	2.51066722
2.833874	0.164762089	155	2.83715755
1.299710	0.203862003	155	1.26492634
0.820115	0.070475075	155	1.14879571
1.136040	0.193344619	155	0.50075569
2.791109	0.175870934	155	1.05944724
2.128972	0.200078060	155	2.63619697
2.998216	0.087713694	155	2.30897653
0.663446	0.145545510	155	2.09668639
2.579161	0.096572023	155	2.22433926
1.975937	0.039861319	155	2.96133407
1.383493	0.177230411	155	0.59750148
0.360868	0.133597951	155	1.92679630
0.970122	0.016744823	155	1.35302554
1.582223	0.030995621	155	1.81006148
2.189889	0.153037832	155	0.91674185
1.697061	0.039348220	155	0.20291144
0.604931	0.054126166	155	2.59936554
1.878046	0.129558022	155	1.66408317
1.779233	0.138381608	155	0.75847811
1.533791	0.110758006	155	1.99357643
2.314706	0.122895595	155	1.55040355
1.268107	0.159177276	155	1.74739481
0.136128	0.082712257	155	1.46309529
2.703442	0.187781535	155	0.01334955
0.888894	0.011798430	155	0.18258254
0.272680	0.047823799	155	0.67716728
2.639246	0.071515784	155	2.08440683
0.621899	0.010024810	155	0.15290592
2.108313	0.085050832	155	1.20274558
0.256976	0.085834159	155	1.22526483
2.016676	0.170268740	155	0.81533298
2.061145	0.182548256	155	1.98521397
0.293168	0.197233715	155	0.47261784
0.802006	0.050066620	155	2.01713572
2.422439	0.205519372	155	2.61925091
2.947501	0.143031604	155	2.82704086
1.246441	0.140303914	155	0.70709946
1.510099	0.035376441	155	0.02489564
0.581630	0.162633773	155	0.42443037
2.359492	0.131670603	155	2.39957148
1.424316	0.114380988	155	2.93365572
1.304749	0.180405438	155	2.32731217
1.929417	0.036258044	155	1.41075491
1.461754	0.130861537	155	1.64665242
1.637556	0.060617757	155	1.57456012
1.677207	0.190014948	155	0.57368704
0.339186	0.097302667	155	0.53368915
1.897293	0.117550091	155	1.85221376
2.239954	0.104923474	155	1.32485885
0.926963	0.045861593	155	0.86438248
2.596285	0.194151528	155	2.70405617
2.717468	0.020118122	155	2.86049904
2.208737	0.202068323	155	1.38606160
1.714887	0.066153557	155	1.03878497
1.101694	0.209196299	155	1.10519137
1.171296	0.175422136	155	2.44059910
2.476529	0.046775793	155	1.48174936
0.721829	0.157922660	155	0.63811830
2.813765	0.008279350	155	2.79214258
0.776983	0.166388670	155	0.70269289
2.896079	0.191713596	155	1.27328938
1.007696	0.146585300	155	0.97281889
2.962288	0.100293773	155	2.99253381
2.291397	0.031786268	155	2.48669928
0.220930	0.091270299	155	2.72153678
2.402564	0.015405598	155	0.89180718
0.549514	0.076600171	155	2.29521689
1.365490	0.137302944	155	0.10954013
1.989335	0.186301009	155	0.21316073
0.403152	0.058126728	155	1.95685772
0.913256	0.074570869	155	2.65925512
2.561473	0.105502758	155	0.31348164
2.858196	0.018995737	155	2.55447889
1.563714	0.124540451	155	1.90257072
1.819679	0.149530835	155	1.51906489
0.469155	0.064665313	155	0.25941672
2.166052	0.054486675	155	1.76719804
1.003677	0.151640919	155	0.37830807
1.062966	0.156077069	155	0.98890570
0.867527	0.079504846	155	0.79315668
1.191786	0.121312664	155	2.17312298
0.683582	0.042265738	155	2.23282528
1.747664	0.109811805	155	1.60535160
0.166694	0.004053457	155	1.12694798
0.112408	0.000990262	155	2.11766916
1.407532	0.094311311	155	1.71021583
1.830686	0.172444135	155	0.08495424
2.526504	0.028297052	155	1.79682699
2.771790	0.125505375	155	0.33544898
0.423604	0.023580484	155	2.35325835
1.379338	0.092557231	155	1.31469640
0.593045	0.105913424	155	0.27710235
0.171561	0.184540217	155	0.51025757
1.847680	0.072308351	155	0.07424204
1.558921	0.005039694	155	1.91763174
0.844286	0.134469915	155	0.60737345
2.458119	0.155454990	155	1.50830830
2.241746	0.158447339	155	0.76580332
1.399956	0.069191967	155	0.61087884
0.492184	0.167885009	155	1.34048529
1.053483	0.200412001	155	2.27259583
0.327267	0.070835275	155	0.24380145
2.412173	0.178949405	155	1.21592223
2.687137	0.098977986	155	2.68309277
2.865980	0.165034628	155	2.82414743
2.822133	0.068048513	155	1.01491923
1.076396	0.199252141	155	1.30112551
1.722835	0.128742876	155	1.67972397
0.192678	0.084265528	155	0.09700381
2.121813	0.102842871	155	1.78262341
2.850137	0.041656303	155	2.35597521
0.304221	0.207548209	155	0.35590207
1.261442	0.183701034	155	2.13676029
2.352941	0.051674560	155	0.96297249
1.520242	0.178300997	155	1.83541141
0.666950	0.017839857	155	1.46950598
2.967586	0.162251996	155	1.64010558
0.805986	0.127727462	155	1.00375019
2.367379	0.157070013	155	2.96869622
2.265170	0.194819834	155	2.40465406
1.881023	0.174158949	155	1.16150792
0.759596	0.044046690	155	1.82807772
2.503051	0.160635885	155	2.24272590
0.711510	0.049575354	155	0.68627330
2.584564	0.136594117	155	2.78593029
1.793633	0.055504814	155	2.57661100
0.787407	0.056719004	155	2.53795512
0.894092	0.080673212	155	2.66028558
1.959159	0.089746915	155	1.28796463
2.547446	0.187921544	155	2.01293735
1.220683	0.013069688	155	2.20760748
1.342398	0.018734612	155	2.70813335
2.038184	0.140174535	155	0.92636313
0.354799	0.065572264	155	0.66587300
0.943510	0.045996940	155	2.64643739
0.512063	0.029841951	155	2.85532890
1.946384	0.198136530	155	2.75546283
2.650826	0.090320549	155	0.90634933
1.355308	0.040852947	155	0.58278951
0.973041	0.094942675	155	1.87391357
1.905708	0.116527153	155	1.43784606
2.775036	0.123442405	155	2.87392476
1.801409	0.049153550	155	0.83957938
1.163047	0.204291879	155	0.51891504
0.640577	0.058483353	155	0.74950355
1.281152	0.022559291	155	0.31826245
0.411467	0.098117372	155	1.39943366
0.429457	0.206115204	155	2.94435949
1.440728	0.024136136	155	0.34094989
0.246917	0.208660072	155	0.15032482
2.984421	0.112335649	155	2.98271842
2.146591	0.100999929	155	1.77735642
1.644165	0.163299636	155	2.58290950
2.619439	0.045087916	155	2.61143660
1.504643	0.110284872	155	2.34067155
2.397968	0.125811552	155	2.37126825
1.628771	0.033772465	155	0.49158912
1.842405	0.191997578	155	2.18726577
0.561986	0.121945875	155	1.73478841
2.753816	0.166997711	155	1.56558338
1.547306	0.196044107	155	1.49314826
2.807267	0.103854673	155	1.24308864
2.278326	0.108334529	155	0.06478182
1.599836	0.113336105	155	1.96830859
1.672481	0.143944662	155	1.05127430
2.932905	0.004103148	155	1.52992354
1.995917	0.189034009	155	2.03019090
2.710482	0.083065606	155	0.45443019
1.109978	0.095926043	155	2.50373368
0.537064	0.016173144	155	0.72457319
1.209818	0.079704094	155	0.23025646
0.156522	0.026640623	155	1.14234183
0.725046	0.007949039	155	0.65033278
2.734266	0.190690578	155	1.60992038
1.044588	0.038517894	155	2.73574788
2.226019	0.153982943	155	0.54860451
0.986644	0.010989848	155	0.42104036
2.438909	0.169080943	155	1.93532204
1.699212	0.028907908	155	2.16503697
0.613948	0.136060009	155	1.66377723
2.079311	0.116021699	155	2.05048585
1.736757	0.037322470	155	1.69160889
1.471426	0.118692597	155	1.42258534
1.026466	0.067069007	155	0.96036271
2.177786	0.150244665	155	2.45046853
2.909160	0.203314008	155	0.13986047
0.227814	0.172221999	155	0.88296284
0.290855	0.052982688	155	0.19374680
1.913432	0.009435440	155	1.07272025
2.330354	0.061679116	155	1.88337560
0.479174	0.074649944	155	2.30163036
1.177408	0.032712076	155	0.38850924
0.454947	0.034563138	155	1.08211210
0.879799	0.075487405	155	1.12062486
2.300792	0.078700073	155	0.43426609
2.009775	0.173326247	155	0.80685548
2.669635	0.025564487	155	2.27592944
0.644556	0.185718014	155	1.97507182
1.761867	0.139009808	155	1.71253696
0.391119	0.120121666	155	0.29677576
0.852912	0.020931922	155	0.78071574
1.124481	0.149170748	155	2.12409354
0.921993	0.132115564	155	2.10509620
2.058955	0.147290536	155	0.84944147
0.125267	0.059627101	155	2.07349426
2.096263	0.130149188	155	0.01004885
0.104760	0.141637898	155	2.80512754
0.749481	0.144762380	155	1.23415080
2.613312	0.000795316	155	2.91595939
1.585992	0.181618990	155	2.88810752
2.914963	0.086829711	155	0.03885795
2.200571	0.108081623	155	2.46208369
2.485298	0.014382212	155	2.52029180
2.542980	0.152474888	155	2.43386083
1.323195	0.002844118	155	1.58985997
1.428021	0.176373855	155	1.38169391
0.261322	0.062940746	155	0.16759797
1.241839	0.088361265	155	1.18280635
2.842468	0.198852068	155	2.37464464
0.738034	0.188268532	155	0.65826096
0.233343	0.209178092	155	0.25608443
2.860298	0.113873687	155	1.62651290
0.347168	0.179414023	155	2.56329714
0.835361	0.091886646	155	1.73048658
1.372766	0.203746484	155	2.54863967
2.656466	0.187116823	155	2.91003423
0.599164	0.183339620	155	2.04021270
1.614503	0.063536176	155	1.54310848
2.076351	0.052792222	155	2.67488097
1.594205	0.026959953	155	1.79228318
1.792188	0.173689888	155	2.61417579
0.399953	0.122580327	155	0.30017849
1.532973	0.120243627	155	2.12790814
1.621404	0.021582597	155	0.75359969
2.122237	0.085432402	155	1.94239240
1.195070	0.077706621	155	2.07532101
2.282237	0.176796063	155	0.38324833
1.765898	0.014018182	155	2.48192805
0.576026	0.103383136	155	1.71860701
2.622605	0.120973293	155	0.30750566
0.215189	0.083812453	155	1.22425427
1.256452	0.118337441	155	1.10769164
1.394928	0.093772073	155	0.67110271
1.484285	0.116991847	155	0.85220309
2.484319	0.199547629	155	2.53070136
0.590810	0.126248777	155	1.13602173
2.293854	0.098580343	155	2.76072212
2.344085	0.159082665	155	0.49659487
0.729364	0.107475063	155	0.11954875
1.714235	0.109499823	155	1.19857589
2.809570	0.184875924	155	1.67039162
2.691660	0.141205827	155	1.43037052
2.732275	0.058930063	155	2.85307730
2.880323	0.003423963	155	1.65749323
1.338006	0.062732176	155	1.79978442
1.629359	0.012443576	155	0.50702088
2.053571	0.111575507	155	2.32576050
0.784053	0.003016119	155	0.65229912
0.147479	0.051018156	155	1.95797341
0.961470	0.007529217	155	1.28290844
1.652234	0.064378112	155	1.58474037
2.840393	0.041993330	155	1.55988733
0.110361	0.081435021	155	2.63673058
0.143357	0.118094371	155	0.05050308
0.678487	0.152133868	155	2.33438968
1.223420	0.156369090	155	0.18105488
2.205510	0.057305838	155	1.06937040
1.730725	0.035826716	155	2.83433489
0.811951	0.193821093	155	1.04312980
2.259376	0.020812547	155	1.59597312
0.386851	0.035199486	155	0.48273483
1.647879	0.091821539	155	0.04299504
2.716557	0.057436585	155	0.59979159
2.598749	0.189172276	155	2.17757084
1.235182	0.089154423	155	1.68183348
2.140490	0.181004290	155	0.73650113
0.978464	0.008911805	155	1.48720057
1.571680	0.081087779	155	1.30961381
1.184811	0.082404517	155	0.82097222
0.993040	0.148003079	155	2.58929486
2.872039	0.106549794	155	1.15671878
1.107312	0.200730815	155	1.90707279
1.446559	0.072834236	155	1.17605692
2.446894	0.179679757	155	2.00532346
1.708305	0.111510400	155	2.11113071
0.556788	0.170196914	155	0.91233093
0.944145	0.087160472	155	2.06702153
2.216074	0.161980697	155	0.92000297
0.498837	0.130484859	155	2.86846473
1.029342	0.080078388	155	2.57022926
0.482483	0.116275180	155	1.39413082
1.328888	0.090018657	155	2.42982651
0.251280	0.032990916	155	1.86476817
1.388877	0.118961411	155	1.51412718
2.321689	0.024873651	155	1.14329819
2.341712	0.147129432	155	1.69999199
0.658771	0.067409863	155	2.10140694
1.985171	0.068474174	155	0.41218607
2.646837	0.027785259	155	0.39505521
2.385335	0.172696611	155	1.27112935
1.688742	0.028702884	155	2.46904623
1.807034	0.160870591	155	1.33141749
2.532434	0.040210159	155	2.31849773
1.073167	0.128895992	155	0.57427651
0.241198	0.167639233	155	1.84386405
0.157476	0.136273550	155	0.64331059
1.169091	0.181795571	155	2.39359859
1.413925	0.165301587	155	1.94711763
2.767631	0.114952286	155	2.02580398
1.965463	0.123740778	155	2.36311357
1.835434	0.175971251	155	1.49867993
2.954410	0.110357783	155	1.64128192
1.907440	0.139616247	155	1.34647115
2.495529	0.009224426	155	2.51654883
0.419148	0.030610391	155	0.09277100
0.635441	0.070023271	155	1.58061576
1.020630	0.192804923	155	0.14591102
1.469087	0.201559577	155	0.06022523
2.605814	0.135340786	155	0.13151773
1.477233	0.206642381	155	1.35510947
1.432982	0.023060530	155	0.99802687
2.465463	0.038755558	155	2.88201329
2.785091	0.014770276	155	1.92837807
2.183535	0.066551380	155	0.46524760
0.378743	0.152764582	155	2.94964497
0.754423	0.099971885	155	0.33068250
0.905070	0.045523513	155	0.55181836
0.792856	0.202343287	155	0.95077576
0.630276	0.150914856	155	1.41597393
0.435630	0.184144510	155	1.32314095
2.890315	0.047536813	155	2.18215538
2.980095	0.096998965	155	2.59078163
2.048087	0.024521165	155	1.42551920
1.515209	0.100817686	155	2.21368435
2.939796	0.140961584	155	2.88963425
2.695920	0.146254040	155	2.44798707
0.370904	0.190858282	155	2.78041532
0.459395	0.029121633	155	2.15226583
2.565656	0.018073864	155	0.28872174
1.522234	0.112828222	155	2.70001112
2.065797	0.019282721	155	2.62560952
2.233593	0.025977552	155	0.93655150
0.268042	0.011123136	155	0.83249568
2.444381	0.178661436	155	0.71904823
1.868896	0.102964523	155	0.35076925
0.773643	0.142328145	155	2.74206186
1.539816	0.154285030	155	1.75927222
0.959762	0.012235740	155	2.97670817
2.587796	0.169709057	155	2.08724401
1.748416	0.128080633	155	2.93626187
2.313867	0.048475614	155	2.68585101
0.874193	0.194916816	155	2.72510350
1.351430	0.104205105	155	1.61298388
1.361250	0.061958162	155	0.37246044
2.472354	0.197756080	155	0.16012818
2.900097	0.073858061	155	1.47623130
0.861207	0.159978527	155	2.03541389
0.335442	0.050663510	155	1.75753896
2.536086	0.171769021	155	0.17152297
2.021215	0.202902145	155	2.42394920
1.156846	0.022175744	155	1.82892769
2.919296	0.054968303	155	0.69615358
0.858232	0.016997760	155	0.88923401
1.251911	0.139107610	155	2.28774847
1.452571	0.096271407	155	0.79955083
1.997791	0.060991851	155	1.29304954
2.827945	0.054913862	155	1.16645155
0.815692	0.151070908	155	1.18738259
0.703721	0.083659932	155	0.78978465
0.886816	0.155442993	155	1.63021475
1.092341	0.185816853	155	0.89672428
0.934708	0.097983691	155	1.98858192
1.604779	0.137739656	155	1.09185991
1.894195	0.197582210	155	0.23699044
0.131278	0.078868502	155	1.37336035
1.050589	0.051885565	155	0.87256827
0.675056	0.043652252	155	2.15726963
0.839170	0.186871296	155	2.21572190
1.082262	0.039754851	155	0.74187421
1.308497	0.071875832	155	0.77353854
0.446207	0.108802920	155	0.80898112
0.209306	0.129910841	155	2.67057914
0.650981	0.002359032	155	0.56798236
2.251042	0.094717626	155	1.02660471
2.664564	0.036693698	155	1.55650396
2.927182	0.053673330	155	0.03123855
0.414443	0.071085015	155	0.98411380
0.284633	0.015671266	155	0.68447572
1.785092	0.205045652	155	0.52582193
2.033632	0.162853662	155	0.22396117
1.756320	0.205246763	155	1.24831479
1.414129	0.013312171	155	0.35956949
2.744660	0.056361974	155	0.11567222
2.796544	0.095431200	155	2.65390726
2.170257	0.191443261	155	2.30667896
2.432575	0.195608294	155	0.32637514
0.573507	0.150043340	155	2.46004468
0.544199	0.034081380	155	1.86155951
2.759613	0.076772188	155	0.19253208
2.726930	0.032255596	155	1.74284557
0.174583	0.192721874	155	2.00201153
1.861356	0.046590597	155	2.91871772
0.300924	0.209697482	155	1.36954788
1.147454	0.005694508	155	0.26992526
2.993775	0.084569169	155	2.14031719
0.902886	0.127348949	155	2.41061495
0.715551	0.044300903	155	2.75357476
0.358553	0.177745491	155	2.71861724
2.552954	0.059243855	155	2.99436836
0.918024	0.049680475	155	0.07961559
2.419608	0.207384993	155	1.20720710
1.141863	0.075182638	155	1.81971844
1.950518	0.101406882	155	0.20565368
1.287893	0.133858032	155	0.97048999
0.465163	0.004877952	155	0.26846778
1.663963	0.037730531	155	0.71103540
0.529240	0.065925407	155	0.47539444
0.617911	0.166110323	155	2.79539615
2.390725	0.133112023	155	1.44931900
1.935312	0.143322458	155	1.91599378
1.210986	0.107036292	155	0.44257599
0.323292	0.017287397	155	1.52540565
1.577001	0.168191335	155	2.24598184
2.269363	0.157099791	155	0.54130443
1.972559	0.037985564	155	2.53135867
1.934621	0.135637281	155	1.23654222
1.825878	0.132809062	155	0.22194441
0.311057	0.124743991	155	2.25235584
0.280406	0.170690537	155	2.49298465
2.152280	0.157905576	155	0.40079494
2.136674	0.148640070	155	1.81466068
2.509678	0.174393479	155	2.90272948
0.485448	0.126934224	155	2.80958179
1.202962	0.145008377	155	2.95334164
1.853300	0.196599440	155	0.99198033
2.103669	0.093105440	155	2.77712603
2.954975	0.069532879	155	0.43321346
1.922214	0.019742352	155	0.86110019
1.058913	0.030121276	155	2.19605036
2.780707	0.060137435	155	2.97512565
0.518177	0.153481663	155	0.52773027
2.218849	0.010308937	155	1.06134085
2.971921	0.208267842	155	2.84252109
1.127171	0.174987401	155	2.50056178
1.683345	0.114549314	155	0.94865312
1.015366	0.073496415	155	1.01017183
1.115404	0.145714380	155	2.34481971
2.111905	0.065022402	155	1.03344472
0.997083	0.164343400	155	0.00296607
2.572208	0.000157206	155	1.40574318
0.699459	0.091036226	155	0.61568347
2.304008	0.043114951	155	2.27993992
2.193867	0.159566818	155	1.11770078
1.552813	0.078136613	155	0.76936288
0.201399	0.121643518	155	1.45736607
2.521677	0.102062996	155	1.50136131
1.494088	0.105268425	155	0.10191480
2.373793	0.007360060	155	2.38188211
0.118081	0.189702047	155	2.60706983
1.291916	0.166558268	155	1.08432349
1.313385	0.182517386	155	0.01936386
2.365405	0.076043561	155	2.81391166
0.533009	0.001597824	155	1.25616330
1.276863	0.086492461	155	1.89118936
2.632732	0.087895043	155	0.45037879
1.889089	0.163706727	155	2.26569792
2.004293	0.031280940	155	1.97271541
2.089094	0.137814849	155	0.62792023
1.737848	0.144301009	155	2.23126680
2.674686	0.123938826	155	2.06081246
1.814666	0.048334076	155	1.69880099
0.767657	0.005810566	155	1.76957516
0.183309	0.041328992	155	0.58943163
2.407978	0.131462846	155	1.87714890
2.131339	0.182008746	155	1.42006508
2.981148	0.104460040	155	2.97995029
1.543501	0.196055365	155	2.62283665
2.636343	0.140488355	155	2.80304822
1.656114	0.056987529	155	2.55642996
1.247925	0.158694276	155	2.00711536
2.042682	0.131949938	155	2.60788614
2.528880	0.168763246	155	0.06943679
1.479755	0.174824467	155	2.25371831
0.222789	0.183437255	155	2.51161181
1.596765	0.188806783	155	1.42840625
2.362462	0.172914353	155	0.12698782
1.743010	0.109121085	155	2.09178622
0.465985	0.161368084	155	0.81215300
2.428391	0.057676147	155	1.54860570
2.514630	0.113727182	155	1.88498728
2.706889	0.149881226	155	2.49767557
2.487935	0.148958424	155	2.69768498
2.185530	0.101918853	155	2.46975777
2.667470	0.161779859	155	2.65627438
2.326851	0.185340201	155	2.30531303
0.735737	0.001276339	155	0.82443776
0.898461	0.176730138	155	1.62566617
1.669076	0.033607119	155	2.48967144
0.936964	0.093524606	155	1.45327813
2.168636	0.182150342	155	1.80747404
2.506961	0.199511021	155	1.93212580
1.331597	0.186754857	155	2.64403552
1.505150	0.091643125	155	0.78281608
1.846661	0.010625843	155	2.52445605
1.967450	0.144038969	155	0.47914249
0.350796	0.170848719	155	0.77229368
2.657551	0.026367849	155	1.85832475
2.538709	0.072731927	155	1.33641815
1.088167	0.013498694	155	2.60404512
0.847313	0.194302413	155	2.84817501
1.391868	0.113610067	155	2.66773304
2.616349	0.010817953	155	0.89640397
2.855368	0.042683639	155	1.30820537
2.678071	0.038803893	155	1.06585229
0.964225	0.088562656	155	2.05854758
1.130717	0.124372775	155	0.45343061
2.460391	0.007160460	155	0.37510125
1.751699	0.051867653	155	0.91862889
1.102545	0.079123212	155	2.95640651
2.959273	0.111268603	155	1.24126846
2.783074	0.109022705	155	2.15599842
1.668662	0.096754793	155	1.91179790
1.947917	0.205373375	155	1.85617845
0.931843	0.060377581	155	0.55522485
0.247343	0.183045656	155	0.42673256
1.817285	0.152814303	155	0.74000507
0.197384	0.196835514	155	0.78539040
1.111992	0.106742270	155	1.04635587
0.647614	0.021151862	155	1.13081567
1.435696	0.202434727	155	0.86423388
2.934956	0.099690690	155	2.07801198
2.628144	0.171856436	155	2.18492787
2.212173	0.057880923	155	1.30572314
2.817355	0.063139212	155	0.30293211
1.572975	0.049234586	155	0.84491262
0.394266	0.086161224	155	0.67056860
0.746874	0.139257793	155	0.83736937
0.908471	0.081217894	155	0.71562084
2.976533	0.185578495	155	1.63529640
1.680958	0.022935979	155	2.89440373
2.474091	0.058278870	155	2.90577363
1.857854	0.080287115	155	2.45609371
2.869080	0.187299279	155	1.81887330
0.898672	0.116335566	155	2.86233437
0.781249	0.183776300	155	0.90004260
0.345402	0.095244307	155	0.70580196
1.201467	0.100631004	155	1.23061129
2.024904	0.053799182	155	0.25450556
1.196715	0.160514904	155	1.13864000
1.797551	0.044879407	155	1.98990050
2.660504	0.209565774	155	2.09182452
1.836409	0.054707992	155	2.64866957
1.455524	0.092351197	155	2.84697495
1.046880	0.070555512	155	1.14560534
2.247877	0.024792450	155	1.40266099
1.490356	0.029457033	155	0.97966980
0.718470	0.062252386	155	2.22300239
0.865296	0.069473564	155	2.86533203
0.855275	0.076924161	155	2.29208833
1.374442	0.194567464	155	0.63928034
1.617080	0.006331832	155	1.32118920
2.988082	0.105001573	155	0.35321767
0.506418	0.195836262	155	1.56867514
0.670111	0.184653772	155	2.98770664
0.878064	0.037485977	155	1.09911807
0.185824	0.099252917	155	2.77794761
2.803952	0.204121108	155	0.44633375
0.870630	0.063325503	155	0.80405512
2.231947	0.133934342	155	0.08819290
1.633519	0.110956228	155	2.87578306
1.982828	0.000310680	155	0.52177904
0.334374	0.131259862	155	2.20592926
2.906266	0.203045636	155	0.90404582
0.120613	0.156000536	155	1.58545575
2.253606	0.192165348	155	0.24175363
0.451942	0.003779777	155	0.02066696
2.295759	0.032147902	155	2.22709534
0.153422	0.174692068	155	0.05282952
1.850506	0.040683903	155	1.81175815
2.511198	0.058778581	155	2.49524650
0.911111	0.076154734	155	2.41241688
1.919400	0.178527127	155	1.08830868
2.235853	0.025688088	155	2.54994054
2.652413	0.175664356	155	2.21126944
1.149719	0.018027566	155	2.64246556
1.181315	0.197401235	155	0.84212109
2.346994	0.078351428	155	0.36702122
0.494106	0.167159613	155	0.40913928
2.825231	0.120653273	155	2.82057048
1.438990	0.017634791	155	1.38453723
1.182301	0.116835954	155	2.72275458
2.410342	0.127779868	155	1.65090642
0.243086	0.042166978	155	2.38811786
0.341629	0.056087480	155	0.14726559
0.817283	0.012770030	155	0.24953268
0.682837	0.179093314	155	2.50750936
0.731838	0.195331844	155	1.66863968
0.277960	0.044699665	155	0.60158922
2.572588	0.090526331	155	0.80063593
2.143927	0.208532481	155	0.65551037
0.983210	0.004502250	155	2.79071148
0.162244	0.040459140	155	2.11396109
1.069260	0.066761307	155	0.06337890
0.380442	0.041134853	155	0.57996852
2.196335	0.070189278	155	0.95440119
2.368803	0.020482810	155	0.58816853
1.120622	0.151938753	155	0.29048649
1.601215	0.138835293	155	2.16904628
0.539765	0.031807950	155	2.34935630
1.701702	0.053242132	155	1.98192290
2.915970	0.150466791	155	1.05476875
1.099547	0.189522660	155	1.55405314
0.641987	0.012077217	155	0.75886871
0.547329	0.036332188	155	2.91216290
1.485637	0.207974211	155	0.56212489
0.266204	0.138628210	155	2.15025934
0.601657	0.055704778	155	0.46257638
2.175341	0.169193391	155	2.29938372
2.013781	0.048773559	155	1.43297910
1.273714	0.081005629	155	1.28385250
0.701684	0.065392871	155	2.97272541
1.217747	0.129075538	155	1.97943976
2.750992	0.129801378	155	0.79421322
1.002417	0.040056838	155	1.87088546
1.883585	0.127552943	155	2.81819642
1.890476	0.188172017	155	2.41736911
0.830780	0.016525058	155	1.21442784
0.653335	0.201966001	155	2.74491760
2.697947	0.179894212	155	0.93293549
2.887983	0.105742176	155	0.15645109
0.523068	0.182770663	155	0.83017243
2.611780	0.108491501	155	2.68820165
2.148051	0.109666861	155	2.88312354
0.564878	0.165218763	155	0.43844887
2.625076	0.013752102	155	2.59804828
0.570166	0.126056150	155	0.17625024
0.711906	0.005473852	155	1.09423579
1.841073	0.114791502	155	2.11857090
2.339954	0.162037161	155	1.51080644
1.292872	0.014181393	155	0.48773626
1.823697	0.080427012	155	2.35900726
0.296349	0.151144397	155	0.19839176
2.376827	0.165628023	155	0.63378932
2.356611	0.064470974	155	0.07772293
2.415866	0.022410470	155	2.31619189
1.808346	0.138052956	155	1.52273405
2.385579	0.068127714	155	2.15929598
0.990296	0.136422454	155	1.15907572
2.393213	0.092132051	155	2.47901470
2.812898	0.134771211	155	2.36632985
1.939895	0.047151906	155	1.93729899
2.007943	0.061799332	155	0.31957126
1.042635	0.087995970	155	1.19740197
2.435594	0.122098967	155	1.95044184
1.079483	0.003187600	155	1.01124090
1.610735	0.152329367	155	1.31605905
1.962561	0.055231705	155	1.56192438
0.822530	0.002222645	155	1.84078331
1.317026	0.069931327	155	1.25876852
1.640815	0.004555491	155	1.74450658
0.585073	0.165792805	155	0.04459507
2.202533	0.015253450	155	0.50112214
0.864488	0.035061300	155	2.17629776
0.170737	0.133432260	155	0.07166120
2.929309	0.201141883	155	1.61731837
0.129985	0.067659183	155	2.92772467
2.034362	0.016213194	155	2.37700337
0.163906	0.170517876	155	2.36787955
0.632700	0.103297212	155	1.52698044
1.942605	0.086552130	155	0.21764527
1.812865	0.125663027	155	1.37783153
2.876382	0.011605714	155	2.52800837
1.032118	0.117819462	155	1.44071092
0.323960	0.119448287	155	0.96417196
0.967594	0.046147804	155	0.23366798
2.966005	0.076486316	155	2.43578535
1.526021	0.178005275	155	2.96256163
1.296068	0.146760953	155	1.79298843
1.726476	0.090731800	155	0.16415112
0.367295	0.141763664	155	0.10620147
2.762162	0.049850507	155	1.70572411
0.558893	0.146083330	155	0.66008227
2.770261	0.148864991	155	1.97141277
1.709732	0.101166408	155	2.54278858
1.154845	0.015873544	155	1.29636300
2.556511	0.085635250	155	2.71338287
2.126891	0.154546257	155	2.26227215
1.352888	0.075380570	155	0.71247526
2.092340	0.010093550	155	0.68995161
2.722566	0.145978737	155	0.32250326
2.287172	0.202624705	155	2.84119540
0.790910	0.094464231	155	1.44600981
2.119054	0.154102569	155	0.22842460
0.414245	0.023657182	155	1.39123760
2.155467	0.155197725	155	1.07726324
2.846376	0.122262134	155	1.34799420
1.496378	0.030862865	155	2.20066697
1.442767	0.025170713	155	2.67285690
2.113924	0.019177061	155	2.80953694
1.404894	0.161083758	155	0.97826390
2.229414	0.193099081	155	0.46738798
2.683953	0.050361556	155	0.33763738
1.369267	0.145329622	155	0.41871781
0.551354	0.051241871	155	0.69361374
0.427117	0.073089197	155	0.44210012
1.790478	0.142931274	155	0.27436977
0.768576	0.172548813	155	2.75689681
0.525115	0.093960663	155	0.17313246
2.577331	0.014608044	155	0.88168824
0.364242	0.056591292	155	2.73893020
2.325194	0.157312048	155	1.48961787
0.794506	0.009678261	155	1.00718773
0.950724	0.021343443	155	0.73008113
1.137962	0.089333060	155	2.46478331
2.107740	0.128218093	155	1.34334891
2.309148	0.071282693	155	1.36284082
2.071957	0.177029364	155	0.20956759
1.397753	0.061398530	155	2.24809018
1.417985	0.180745176	155	2.87844799
0.303235	0.077297715	155	0.18689120
0.227058	0.005970242	155	1.73859730
2.274091	0.084749556	155	1.27525281
2.882971	0.064022648	155	1.83378973
0.394999	0.024352113	155	1.01669077
1.781668	0.153384691	155	2.80033883
0.178481	0.002562392	155	0.87727495
0.439642	0.097544383	155	1.10341428
1.870041	0.052125897	155	0.08724584
1.084404	0.090152958	155	1.21078264
2.567738	0.037096122	155	0.34606407
2.481008	0.205793891	155	2.19109404
2.546201	0.171449083	155	0.03634562
0.947516	0.139900070	155	0.74635286
1.165566	0.059739133	155	2.71028560
1.271551	0.027947424	155	1.41310052
0.984969	0.045129822	155	2.94007762
1.783299	0.045600212	155	1.99896132
1.343419	0.206837088	155	0.85384950
2.002839	0.041535505	155	0.64571567
2.721899	0.209918845	155	0.36177704
1.466401	0.137091886	155	0.58429444
0.609857	0.186032853	155	0.59257870
2.941977	0.117502500	155	2.99898011
2.468635	0.027632731	155	1.67648159
0.925533	0.137477574	155	1.96527339
1.205623	0.057042650	155	0.12248509
2.048497	0.119812165	155	2.92262415
0.449825	0.031529760	155	2.06408750
1.284243	0.008418579	155	1.48255824
2.349214	0.204584706	155	1.78542731
0.666336	0.144406428	155	1.26164250
1.501760	0.125049008	155	1.78711130
0.674223	0.125301767	155	0.99570231
0.253146	0.126979043	155	2.37920228
1.993258	0.198642595	155	0.54520236
0.829532	0.151457985	155	2.13508957
1.721160	0.201759604	155	1.71981302
0.479497	0.038210515	155	2.39748654
2.893616	0.149416298	155	0.39195210
0.534720	0.153618062	155	1.59701210
0.218010	0.120497886	155	1.07915113
2.925503	0.048103264	155	2.23631899
1.319990	0.030440601	155	1.90926761
1.827933	0.111964853	155	1.60650473
1.556126	0.156620476	155	2.43868998
1.062210	0.112435819	155	1.32805087
2.191296	0.026234758	155	2.12390391
2.401393	0.048894893	155	0.69928790
0.627054	0.206065843	155	2.94400119
2.164085	0.068855937	155	2.59551520
2.222137	0.074117725	155	1.94163305
1.762967	0.135867214	155	0.56495639
2.418569	0.134232304	155	2.78847468
0.763165	0.098842329	155	2.61882902
1.142397	0.039390102	155	0.37157560
2.260948	0.195187105	155	1.70323462
0.462064	0.119329333	155	1.99767182
0.775081	0.139861203	155	2.02383036
2.945854	0.027268243	155	0.31106626
2.606603	0.028431297	155	0.73290023
1.463611	0.051282941	155	1.33577487
2.795398	0.035915007	155	0.28255265
2.030329	0.190208481	155	0.51292498
0.475325	0.199882111	155	1.54683273
2.056679	0.030185322	155	2.16508546
0.402987	0.109958297	155	1.29051235
0.180089	0.135375261	155	0.77761707
0.808358	0.196907188	155	2.89857441
2.133892	0.064980524	155	1.82442464
0.374371	0.162509005	155	1.57113146
0.595958	0.001205519	155	2.32223521
1.346940	0.034417201	155	1.80404217
2.317947	0.047368703	155	0.01676383
2.901085	0.158245365	155	0.67670627
1.862199	0.023930879	155	2.26038083
1.619998	0.018414413	155	0.26267545
1.970967	0.026667164	155	1.65314953
2.818965	0.115832225	155	2.47381917
0.114649	0.035619535	155	1.50456792
0.751780	0.173174485	155	0.11420200
2.284606	0.118790248	155	2.05653799
2.788254	0.121407921	155	0.62466223
2.491824	0.043768000	155	1.63298781
1.554485	0.012671153	155	1.11290357
1.740026	0.121118237	155	1.16511208
2.085704	0.110739104	155	1.15235376
0.275365	0.206416884	155	0.16315571
1.773332	0.019999891	155	1.22798862
2.951593	0.077885892	155	1.46745234
1.677768	0.092713302	155	0.93131381
1.173440	0.011331820	155	0.09415431
1.381737	0.086000866	155	2.76280063
1.225206	0.102590138	155	1.95221196
1.214565	0.006598392	155	1.89661801
1.517020	0.193506166	155	1.00082454
0.998160	0.143653821	155	2.35109235
1.902778	0.164638759	155	0.85645885
1.987079	0.181442977	155	0.40233143
2.213036	0.059954066	155	0.02804677
1.066447	0.204833441	155	1.45913294
0.488989	0.132327022	155	0.68086220
0.127843	0.001967307	155	1.36599794
1.512570	0.102160943	155	2.51709580
0.762526	0.130260531	155	1.39470624
1.900716	0.047624550	155	0.13491967
1.420148	0.095728821	155	2.66593585
2.534388	0.176241757	155	2.85877326
1.450380	0.097804059	155	1.06649903
0.232063	0.186441004	155	1.20569322
1.692932	0.085310005	155	2.06841093
2.861963	0.115408799	155	1.37629884
1.130929	0.074917249	155	2.14382022
1.264896	0.084291183	155	0.33108559
1.567629	0.147796171	155	1.35884155
2.101899	0.106320444	155	2.39313383
1.430142	0.017202712	155	0.60475286
0.421509	0.144800382	155	2.67959266
0.138396	0.023266866	155	0.90942795
2.689177	0.095133289	155	2.53513085
2.518575	0.167487337	155	1.17997789
2.552394	0.187503876	155	0.10460348
1.240513	0.063694167	155	0.48609097
1.545127	0.175315230	155	2.70588907
2.441364	0.177484150	155	2.23844489
0.501782	0.082510594	155	1.49629732
2.159964	0.033954151	155	2.42257022
2.308190	0.189372374	155	0.41514204
0.406538	0.037905135	155	2.13157529
2.837577	0.156711210	155	2.28388429
2.739384	0.104724918	155	0.13291165
1.732321	0.169394742	155	2.83170973
0.509127	0.028981733	155	1.60223757
1.260601	0.159950711	155	2.72833661
2.080990	0.009231090	155	1.68992090
1.955123	0.111988876	155	2.56545702
2.739823	0.190971475	155	1.92158018
0.848113	0.118329021	155	2.73133787
0.442929	0.088899735	155	2.26870742
0.330538	0.179572073	155	2.76827739
0.618443	0.167960207	155	0.23959329
1.024834	0.173964872	155	0.53772232
0.692848	0.164264806	155	0.95688363
2.995867	0.029686636	155	0.61501681
0.283836	0.083890955	155	0.18838626
2.644260	0.123213145	155	2.63192354
2.020005	0.143374808	155	2.10047039
1.661539	0.191216878	155	0.03345579
0.884307	0.158920688	155	1.61591086
2.911303	0.054254281	155	2.90859515
2.246404	0.103567379	155	2.21917440
0.313121	0.193792135	155	0.04942870
1.769216	0.067013392	155	1.72764137
2.450626	0.184176553	155	0.46912607
0.553438	0.146910877	155	1.18550283
1.018998	0.136885634	155	2.08242043
0.656130	0.113136631	155	1.02316455
0.212732	0.203598783	155	2.58651561
0.836351	0.083017688	155	0.76312147
2.064967	0.008014182	155	2.03123948
2.672552	0.071606906	155	1.88084597
1.916423	0.053327846	155	1.12429553
0.196152	0.142168389	155	1.26700507
1.324785	0.008800353	155	1.53298120
2.602247	0.134941686	155	2.33022513
1.037217	0.200202864	155	0.27919322
2.277445	0.181118491	155	0.96904871
0.205521	0.107286572	155	1.75028244
2.713080	0.163170020	155	0.62008584
1.279393	0.019582002	155	2.77219528
1.717707	0.067817950	155	2.01941949
1.886123	0.066299639	155	1.22147437
1.566877	0.062544454	155	1.67326015
2.179446	0.043330573	155	1.96137411
1.188828	0.208877354	155	1.84805193
2.641242	0.141314788	155	1.51563076
1.117165	0.157639157	155	1.73304873
0.977122	0.007625205	155	2.62807797
2.990168	0.117208261	155	1.05376519
2.448419	0.129363626	155	1.24665825
1.527526	0.106089618	155	0.20034786
0.741953	0.114165203	155	0.56899828
1.011365	0.150685878	155	0.49233180
0.578940	0.074291969	155	1.68556232
2.749909	0.073762246	155	2.98982679
0.235999	0.133094092	155	1.89949248
1.924852	0.101626770	155	1.45310036
0.308812	0.072583441	155	1.03431550
0.514362	0.098274956	155	1.47677315
1.160446	0.148113566	155	0.66409092
2.427435	0.126632458	155	0.94090535
1.650061	0.046442209	155	1.83861438
2.462322	0.034818722	155	2.33522685
1.536692	0.163447390	155	0.14254717
0.287375	0.191901983	155	1.88776613
2.268881	0.160336381	155	2.28877156
0.356764	0.097066485	155	0.21655204
2.969241	0.015116726	155	0.42782389
1.474458	0.155705917	155	1.92316135
0.892491	0.168432581	155	2.40812605
2.801255	0.005269678	155	2.44452873
0.607357	0.171121924	155	0.26636651
2.831271	0.104149519	155	0.53056278
0.588370	0.018566625	155	0.81832227
0.108167	0.207856560	155	1.04158013
2.593363	0.099636293	155	0.50412110
1.690723	0.087440602	155	2.96733323
0.102030	0.033051630	155	1.17311443
2.776305	0.036747795	155	0.00875419
0.261533	0.032578069	155	2.57952795
1.977894	0.082100465	155	2.04757528
2.043903	0.000569098	155	2.19146047
1.337315	0.130648930	155	0.51618792
2.757705	0.147500585	155	1.86733684
0.728018	0.159395496	155	2.10734601
2.730140	0.115128217	155	2.27791492
1.578793	0.169983476	155	1.64568816
0.473458	0.140881945	155	0.00279362
0.938534	0.089591848	155	2.42723436
1.301243	0.192453047	155	2.01015239
1.912073	0.079814753	155	1.27912637
0.804123	0.166745392	155	2.75095274
0.148735	0.190432153	155	0.30789466
1.311183	0.038979273	155	2.45477134
1.875582	0.075782040	155	0.38477010
1.410896	0.122733575	155	1.75333646
1.932216	0.060713008	155	0.86770640
1.358738	0.087075052	155	2.04302243
2.096788	0.131207194	155	0.75051726
0.799156	0.052622815	155	1.78023353
1.236208	0.003492053	155	1.25166826
0.625440	0.128460061	155	1.19208154
2.334772	0.100099913	155	0.72169672
2.499818	0.083266663	155	0.54469862
2.379071	0.132652918	155	2.31298166
0.696697	0.091121625	155	2.95186477
0.706333	0.050509573	155	2.57442416
1.013646	0.180227352	155	1.40687938
1.230040	0.173786145	155	1.69425385
1.625473	0.124074352	155	1.77499072
1.589587	0.044102545	155	0.94393277
1.705316	0.081975955	155	0.63237582
2.396332	0.095991614	155	1.17171964
0.316332	0.107680444	155	2.93049188
0.688476	0.166243951	155	1.57863239
2.590506	0.154918744	155	1.53850739
1.757456	0.042539503	155	1.66042105
1.367105	0.079176613	155	1.71517420
2.848474	0.198982612	155	1.13365849
2.070692	0.069069097	155	0.92471287
2.701878	0.142547979	155	1.47118389
2.560963	0.163914163	155	0.98556729
1.802334	0.178035756	155	2.03900320
1.096401	0.123593096	155	2.68988361
0.919733	0.022144158	155	2.34342769
1.388151	0.077973125	155	2.54354503
2.874172	0.072058716	155	1.76549000
1.057118	0.059291852	155	1.76306408
2.583563	0.188626868	155	1.11543104
0.956077	0.093118917	155	1.03052262
0.433442	0.200932220	155	0.39704431
0.139849	0.197925790	155	2.82899400
0.385752	0.020667228	155	2.56774183
1.253015	0.198384652	155	0.88550978
1.591223	0.107997408	155	0.34294185
1.639493	0.207316972	155	0.29424405
2.298033	0.065646578	155	1.59307950
